4208
0 0 0 0 0 0 *
1 1 3 0 18 1 よい
2 1 3 0 18 2 よい
3 1 3 0 18 3 よい
4 1 3 0 18 4 よい
5 1 3 0 18 5 よい
6 1 3 0 18 6 よい
7 1 3 0 18 7 よい
8 1 3 0 18 8 よい
9 1 3 0 18 9 よい
10 1 3 0 18 10 よい
11 1 3 0 18 11 よい
12 1 3 0 18 12 よい
12 1 3 0 18 13 よい
5 1 3 0 18 14 よい
9 1 3 0 18 15 よい
13 1 3 0 18 16 よい
14 1 3 0 18 17 よい
15 1 3 0 18 18 よい
16 1 3 0 18 19 よい
3 1 3 0 18 20 よい
1 1 3 0 18 1 良い
2 1 3 0 18 2 良い
3 1 3 0 18 3 良い
4 1 3 0 18 4 良い
5 1 3 0 18 5 良い
6 1 3 0 18 6 良い
7 1 3 0 18 7 良い
8 1 3 0 18 8 良い
9 1 3 0 18 9 良い
10 1 3 0 18 10 良い
11 1 3 0 18 11 良い
12 1 3 0 18 12 良い
12 1 3 0 18 13 良い
5 1 3 0 18 14 良い
9 1 3 0 18 15 良い
13 1 3 0 18 16 良い
14 1 3 0 18 17 良い
15 1 3 0 18 18 良い
16 1 3 0 18 19 良い
3 1 3 0 18 20 良い
1 2 3 0 18 1 ない
2 2 3 0 18 2 ない
3 2 3 0 18 3 ない
4 2 3 0 18 4 ない
5 2 3 0 18 5 ない
6 2 3 0 18 6 ない
7 2 3 0 18 7 ない
8 2 3 0 18 8 ない
9 2 3 0 18 9 ない
10 2 3 0 18 10 ない
11 2 3 0 18 11 ない
12 2 3 0 18 12 ない
12 2 3 0 18 13 ない
5 2 3 0 18 14 ない
9 2 3 0 18 15 ない
13 2 3 0 18 16 ない
14 2 3 0 18 17 ない
15 2 3 0 18 18 ない
16 2 3 0 18 19 ない
3 2 3 0 18 20 ない
17 3 2 0 10 1 ある
18 3 2 0 10 2 ある
19 4 2 0 10 3 ある
20 3 2 0 10 4 ある
21 3 2 0 10 5 ある
5 3 2 0 10 6 ある
22 5 2 0 10 7 ある
23 3 2 0 10 8 ある
8 3 2 0 10 9 ある
9 3 2 0 10 10 ある
24 3 2 0 10 11 ある
11 3 2 0 10 12 ある
25 3 2 0 10 13 ある
5 3 2 0 10 14 ある
26 6 6 8 0 0 こと
1 2 3 0 18 1 ない
2 2 3 0 18 2 ない
3 2 3 0 18 3 ない
4 2 3 0 18 4 ない
5 2 3 0 18 5 ない
6 2 3 0 18 6 ない
7 2 3 0 18 7 ない
8 2 3 0 18 8 ない
9 2 3 0 18 9 ない
10 2 3 0 18 10 ない
11 2 3 0 18 11 ない
12 2 3 0 18 12 ない
12 2 3 0 18 13 ない
5 2 3 0 18 14 ない
9 2 3 0 18 15 ない
13 2 3 0 18 16 ない
14 2 3 0 18 17 ない
15 2 3 0 18 18 ない
16 2 3 0 18 19 ない
3 2 3 0 18 20 ない
27 7 14 2 0 0 程
27 7 14 2 0 0 ほど
27 7 14 2 0 0 間
27 7 14 2 0 0 前
27 8 14 2 0 0 後
27 7 14 2 0 0 程度
27 7 14 2 0 0 頃
27 7 14 2 0 0 ころ
27 7 14 2 0 0 ごろ
27 7 14 2 0 0 ずつ
27 7 14 2 0 0 あたり
27 7 14 2 0 0 当たり
27 7 14 2 0 0 当り
27 7 14 2 0 0 辺り
27 8 14 2 0 0 通り
27 8 14 2 0 0 どおり
27 7 14 2 0 0 上
27 8 14 2 0 0 中
27 7 14 2 0 0 下
27 7 14 2 0 0 以上
27 7 14 2 0 0 以下
27 7 14 2 0 0 未満
27 7 14 2 0 0 近く
27 7 14 2 0 0 ちかく
27 9 14 2 0 0 以外
27 10 14 2 0 0 自体
27 7 14 2 0 0 その他
17 11 2 0 16 1 する
18 11 2 0 16 2 する
28 12 2 0 16 3 する
20 11 2 0 16 4 する
29 11 2 0 16 5 する
5 11 2 0 16 6 する
30 13 2 0 16 7 する
23 11 2 0 16 8 する
8 11 2 0 16 9 する
9 11 2 0 16 10 する
24 11 2 0 16 11 する
11 11 2 0 16 12 する
25 11 2 0 16 13 する
5 11 2 0 16 14 する
31 11 2 0 16 15 する
32 11 2 0 16 16 する
29 11 2 0 16 17 する
33 14 9 2 0 0 は
34 15 9 2 0 0 など
35 16 9 2 0 0 なんて
36 17 9 3 0 0 の
37 18 9 1 0 0 と
37 19 9 1 0 0 っと
38 20 9 3 0 0 が
39 21 10 0 0 0 しかも
40 22 9 3 0 0 と
41 23 9 3 0 0 や
42 24 9 3 0 0 および
42 24 9 3 0 0 及び
43 24 9 3 0 0 ならびに
44 25 9 3 0 0 も
45 25 9 3 0 0 やら
45 25 9 3 0 0 だの
46 26 9 3 0 0 に
47 27 9 3 0 0 か
42 28 9 3 0 0 かも
48 29 9 3 0 0 なり
49 30 9 3 0 0 または
49 30 9 3 0 0 又は
42 30 9 3 0 0 また
42 30 9 3 0 0 又
42 30 9 3 0 0 かつ
42 30 9 3 0 0 かつまた
42 30 9 3 0 0 もしくは
42 30 9 3 0 0 若しくは
42 30 9 3 0 0 あるいは
42 30 9 3 0 0 或いは
42 31 9 3 0 0 ないし
42 32 9 3 0 0 ないしは
50 30 9 3 0 0 そして
42 30 9 3 0 0 それとも
51 33 9 3 0 0 ながら
52 34 9 4 0 0 さ
52 34 9 4 0 0 さあ
53 35 9 4 0 0 か
54 36 9 4 0 0 かしら
52 37 9 4 0 0 ね
52 37 9 4 0 0 ネ
52 37 9 4 0 0 ねえ
52 37 9 4 0 0 ねぇ
54 38 9 4 0 0 よ
54 38 9 4 0 0 ヨ
54 38 9 4 0 0 やろ
52 39 9 4 0 0 なあ
52 39 9 4 0 0 なぁ
55 40 9 4 0 0 かい
17 41 5 0 19 1 らしい
2 41 5 0 19 2 らしい
3 41 5 0 19 3 らしい
4 41 5 0 19 4 らしい
5 41 5 0 19 5 らしい
6 41 5 0 19 6 らしい
7 41 5 0 19 7 らしい
8 41 5 0 19 8 らしい
9 41 5 0 19 9 らしい
56 41 5 0 19 10 らしい
11 41 5 0 19 11 らしい
12 41 5 0 19 12 らしい
12 41 5 0 19 13 らしい
5 41 5 0 19 14 らしい
9 41 5 0 19 15 らしい
17 41 5 0 19 16 らしい
14 41 5 0 19 17 らしい
15 41 5 0 19 18 らしい
16 41 5 0 19 19 らしい
3 41 5 0 19 20 らしい
57 41 5 0 21 1 みたいだ
58 41 5 0 21 2 みたいだ
3 41 5 0 21 3 みたいだ
59 41 5 0 21 4 みたいだ
60 41 5 0 21 5 みたいだ
5 41 5 0 21 6 みたいだ
61 41 5 0 21 7 みたいだ
62 41 5 0 21 8 みたいだ
60 41 5 0 21 9 みたいだ
9 41 5 0 21 10 みたいだ
63 41 5 0 21 11 みたいだ
64 41 5 0 21 12 みたいだ
65 41 5 0 21 13 みたいだ
16 41 5 0 21 14 みたいだ
5 41 5 0 21 15 みたいだ
66 41 5 0 21 16 みたいだ
29 41 5 0 21 17 みたいだ
60 41 5 0 21 18 みたいだ
5 41 5 0 21 19 みたいだ
67 41 5 0 21 20 みたいだ
68 41 5 0 21 21 みたいだ
60 41 5 0 21 22 みたいだ
9 41 5 0 21 23 みたいだ
69 41 5 0 21 24 みたいだ
64 41 5 0 21 25 みたいだ
70 41 5 0 21 26 みたいだ
60 41 5 0 21 27 みたいだ
71 41 5 0 21 28 みたいだ
72 41 5 0 21 29 みたいだ
60 41 5 0 21 30 みたいだ
9 41 5 0 21 31 みたいだ
73 41 5 0 21 32 みたいだ
74 41 5 0 21 33 みたいだ
75 42 999 0 0 0 」「
76 43 6 9 0 0 ため
76 43 6 9 0 0 あまり
76 43 6 9 0 0 ゆえ
76 43 6 9 0 0 故
77 44 6 8 0 0 の
77 44 6 8 0 0 はず
77 44 6 8 0 0 わけ
78 7 14 2 0 0 化
79 45 14 3 0 0 倍
79 45 14 3 0 0 戦
79 46 14 3 0 0 勝
79 45 14 3 0 0 敗
79 45 14 3 0 0 泊
78 7 14 2 0 0 入り
78 7 14 2 0 0 あけ
17 11 2 0 16 1 する
18 11 2 0 16 2 する
28 12 2 0 16 3 する
20 11 2 0 16 4 する
29 11 2 0 16 5 する
5 11 2 0 16 6 する
30 13 2 0 16 7 する
23 11 2 0 16 8 する
8 11 2 0 16 9 する
9 11 2 0 16 10 する
24 11 2 0 16 11 する
11 11 2 0 16 12 する
25 11 2 0 16 13 する
5 11 2 0 16 14 する
31 11 2 0 16 15 する
32 11 2 0 16 16 する
29 11 2 0 16 17 する
17 11 2 0 1 1 できる
18 11 2 0 1 2 できる
80 12 2 0 1 3 できる
20 11 2 0 1 4 できる
3 11 2 0 1 5 できる
5 11 2 0 1 6 できる
81 13 2 0 1 7 できる
23 11 2 0 1 8 できる
8 11 2 0 1 9 できる
9 11 2 0 1 10 できる
24 11 2 0 1 11 できる
11 11 2 0 1 12 できる
25 11 2 0 1 13 できる
5 11 2 0 1 14 できる
3 11 2 0 1 15 できる
17 11 2 0 1 1 出来る
18 11 2 0 1 2 出来る
80 12 2 0 1 3 出来る
20 11 2 0 1 4 出来る
3 11 2 0 1 5 出来る
5 11 2 0 1 6 出来る
81 13 2 0 1 7 出来る
23 11 2 0 1 8 出来る
8 11 2 0 1 9 出来る
9 11 2 0 1 10 出来る
24 11 2 0 1 11 出来る
11 11 2 0 1 12 出来る
25 11 2 0 1 13 出来る
5 11 2 0 1 14 出来る
3 11 2 0 1 15 出来る
17 11 2 0 5 1 いたす
18 11 2 0 5 2 いたす
19 12 2 0 5 3 いたす
20 11 2 0 5 4 いたす
21 11 2 0 5 5 いたす
5 11 2 0 5 6 いたす
22 13 2 0 5 7 いたす
23 11 2 0 5 8 いたす
8 11 2 0 5 9 いたす
9 11 2 0 5 10 いたす
24 11 2 0 5 11 いたす
11 11 2 0 5 12 いたす
25 11 2 0 5 13 いたす
5 11 2 0 5 14 いたす
17 11 2 0 5 1 致す
18 11 2 0 5 2 致す
19 12 2 0 5 3 致す
20 11 2 0 5 4 致す
21 11 2 0 5 5 致す
5 11 2 0 5 6 致す
22 13 2 0 5 7 致す
23 11 2 0 5 8 致す
8 11 2 0 5 9 致す
9 11 2 0 5 10 致す
24 11 2 0 5 11 致す
11 11 2 0 5 12 致す
25 11 2 0 5 13 致す
5 11 2 0 5 14 致す
82 47 3 0 21 1 可能だ
58 48 3 0 21 2 可能だ
3 48 3 0 21 3 可能だ
59 48 3 0 21 4 可能だ
60 48 3 0 21 5 可能だ
5 48 3 0 21 6 可能だ
61 48 3 0 21 7 可能だ
62 48 3 0 21 8 可能だ
60 48 3 0 21 9 可能だ
9 48 3 0 21 10 可能だ
63 48 3 0 21 11 可能だ
64 48 3 0 21 12 可能だ
65 48 3 0 21 13 可能だ
16 48 3 0 21 14 可能だ
5 48 3 0 21 15 可能だ
66 48 3 0 21 16 可能だ
29 48 3 0 21 17 可能だ
60 48 3 0 21 18 可能だ
5 48 3 0 21 19 可能だ
67 48 3 0 21 20 可能だ
68 48 3 0 21 21 可能だ
60 48 3 0 21 22 可能だ
9 48 3 0 21 23 可能だ
69 48 3 0 21 24 可能だ
64 48 3 0 21 25 可能だ
70 48 3 0 21 26 可能だ
60 48 3 0 21 27 可能だ
71 48 3 0 21 28 可能だ
72 48 3 0 21 29 可能だ
60 48 3 0 21 30 可能だ
9 48 3 0 21 31 可能だ
73 48 3 0 21 32 可能だ
74 48 3 0 21 33 可能だ
82 47 3 0 21 1 不可能だ
58 48 3 0 21 2 不可能だ
3 48 3 0 21 3 不可能だ
59 48 3 0 21 4 不可能だ
60 48 3 0 21 5 不可能だ
5 48 3 0 21 6 不可能だ
61 48 3 0 21 7 不可能だ
62 48 3 0 21 8 不可能だ
60 48 3 0 21 9 不可能だ
9 48 3 0 21 10 不可能だ
63 48 3 0 21 11 不可能だ
64 48 3 0 21 12 不可能だ
65 48 3 0 21 13 不可能だ
16 48 3 0 21 14 不可能だ
5 48 3 0 21 15 不可能だ
66 48 3 0 21 16 不可能だ
29 48 3 0 21 17 不可能だ
60 48 3 0 21 18 不可能だ
5 48 3 0 21 19 不可能だ
67 48 3 0 21 20 不可能だ
68 48 3 0 21 21 不可能だ
60 48 3 0 21 22 不可能だ
9 48 3 0 21 23 不可能だ
69 48 3 0 21 24 不可能だ
64 48 3 0 21 25 不可能だ
70 48 3 0 21 26 不可能だ
60 48 3 0 21 27 不可能だ
71 48 3 0 21 28 不可能だ
72 48 3 0 21 29 不可能だ
60 48 3 0 21 30 不可能だ
9 48 3 0 21 31 不可能だ
73 48 3 0 21 32 不可能だ
74 48 3 0 21 33 不可能だ
83 49 6 1 0 0 御覧
83 49 6 1 0 0 ご覧
83 49 6 1 0 0 ごらん
17 50 2 0 11 1 下さる
18 50 2 0 11 2 下さる
14 51 2 0 11 3 下さる
20 50 2 0 11 4 下さる
84 50 2 0 11 5 下さる
5 50 2 0 11 6 下さる
22 52 2 0 11 7 下さる
23 50 2 0 11 8 下さる
8 50 2 0 11 9 下さる
9 50 2 0 11 10 下さる
24 50 2 0 11 11 下さる
11 50 2 0 11 12 下さる
25 50 2 0 11 13 下さる
5 50 2 0 11 14 下さる
17 50 2 0 11 1 くださる
18 50 2 0 11 2 くださる
14 51 2 0 11 3 くださる
20 50 2 0 11 4 くださる
84 50 2 0 11 5 くださる
5 50 2 0 11 6 くださる
22 52 2 0 11 7 くださる
23 50 2 0 11 8 くださる
8 50 2 0 11 9 くださる
9 50 2 0 11 10 くださる
24 50 2 0 11 11 くださる
11 50 2 0 11 12 くださる
25 50 2 0 11 13 くださる
5 50 2 0 11 14 くださる
77 53 6 8 0 0 もの
77 53 6 8 0 0 もん
85 54 7 1 0 0 ここ
86 7 14 2 0 0 的
87 55 11 0 0 0 何たる
87 55 11 0 0 0 なんたる
88 56 1 5 0 0 ・
89 57 9 1 0 0 まで
90 58 9 2 0 0 だけ
91 59 9 2 0 0 ばかり
92 59 9 2 0 0 ばっかり
93 60 9 2 0 0 のみ
94 61 9 2 0 0 なんか
95 62 9 2 0 0 くらい
95 62 9 2 0 0 ぐらい
96 63 9 1 0 0 から
97 64 9 3 0 0 から
57 65 5 0 21 1 のだ
58 65 5 0 21 2 のだ
3 65 5 0 21 3 のだ
59 65 5 0 21 4 のだ
60 65 5 0 21 5 のだ
5 65 5 0 21 6 のだ
98 65 5 0 21 7 のだ
62 65 5 0 21 8 のだ
60 65 5 0 21 9 のだ
9 65 5 0 21 10 のだ
63 65 5 0 21 11 のだ
64 65 5 0 21 12 のだ
65 65 5 0 21 13 のだ
16 65 5 0 21 14 のだ
5 65 5 0 21 15 のだ
66 65 5 0 21 16 のだ
29 65 5 0 21 17 のだ
60 65 5 0 21 18 のだ
5 65 5 0 21 19 のだ
67 65 5 0 21 20 のだ
68 65 5 0 21 21 のだ
60 65 5 0 21 22 のだ
9 65 5 0 21 23 のだ
69 65 5 0 21 24 のだ
64 65 5 0 21 25 のだ
70 65 5 0 21 26 のだ
60 65 5 0 21 27 のだ
71 65 5 0 21 28 のだ
72 65 5 0 21 29 のだ
60 65 5 0 21 30 のだ
9 65 5 0 21 31 のだ
73 65 5 0 21 32 のだ
74 65 5 0 21 33 のだ
99 66 13 1 0 0 元
99 66 13 1 0 0 前
100 66 13 1 0 0 超
101 66 13 1 0 0 まる
102 66 13 1 0 0 全
103 66 13 1 0 0 故
104 66 13 1 0 0 同
105 66 13 1 0 0 お
17 67 14 7 1 1 れる
18 67 14 7 1 2 れる
80 67 14 7 1 3 れる
20 67 14 7 1 4 れる
3 67 14 7 1 5 れる
5 67 14 7 1 6 れる
81 67 14 7 1 7 れる
106 67 14 7 1 8 れる
8 67 14 7 1 9 れる
9 67 14 7 1 10 れる
24 67 14 7 1 11 れる
11 67 14 7 1 12 れる
25 67 14 7 1 13 れる
5 67 14 7 1 14 れる
3 67 14 7 1 15 れる
17 68 14 7 1 1 せる
18 68 14 7 1 2 せる
80 68 14 7 1 3 せる
20 68 14 7 1 4 せる
3 68 14 7 1 5 せる
5 68 14 7 1 6 せる
81 68 14 7 1 7 せる
106 68 14 7 1 8 せる
8 68 14 7 1 9 せる
9 68 14 7 1 10 せる
24 68 14 7 1 11 せる
11 68 14 7 1 12 せる
25 68 14 7 1 13 せる
5 68 14 7 1 14 せる
3 68 14 7 1 15 せる
17 68 14 7 5 1 す
18 68 14 7 5 2 す
107 68 14 7 5 3 す
20 68 14 7 5 4 す
21 68 14 7 5 5 す
5 68 14 7 5 6 す
22 68 14 7 5 7 す
106 68 14 7 5 8 す
8 68 14 7 5 9 す
9 68 14 7 5 10 す
24 68 14 7 5 11 す
11 68 14 7 5 12 す
25 68 14 7 5 13 す
5 68 14 7 5 14 す
17 67 14 7 1 1 れる
18 67 14 7 1 2 れる
80 67 14 7 1 3 れる
20 67 14 7 1 4 れる
3 67 14 7 1 5 れる
5 67 14 7 1 6 れる
81 67 14 7 1 7 れる
106 67 14 7 1 8 れる
8 67 14 7 1 9 れる
9 67 14 7 1 10 れる
24 67 14 7 1 11 れる
11 67 14 7 1 12 れる
25 67 14 7 1 13 れる
5 67 14 7 1 14 れる
3 67 14 7 1 15 れる
17 69 14 7 1 1 られる
18 69 14 7 1 2 られる
80 69 14 7 1 3 られる
20 69 14 7 1 4 られる
3 69 14 7 1 5 られる
5 69 14 7 1 6 られる
81 69 14 7 1 7 られる
106 69 14 7 1 8 られる
8 69 14 7 1 9 られる
9 69 14 7 1 10 られる
24 69 14 7 1 11 られる
11 69 14 7 1 12 られる
25 69 14 7 1 13 られる
5 69 14 7 1 14 られる
3 69 14 7 1 15 られる
17 70 14 7 1 1 させる
18 70 14 7 1 2 させる
80 70 14 7 1 3 させる
20 70 14 7 1 4 させる
3 70 14 7 1 5 させる
5 70 14 7 1 6 させる
81 70 14 7 1 7 させる
106 70 14 7 1 8 させる
8 70 14 7 1 9 させる
9 70 14 7 1 10 させる
24 70 14 7 1 11 させる
11 70 14 7 1 12 させる
25 70 14 7 1 13 させる
5 70 14 7 1 14 させる
3 70 14 7 1 15 させる
17 70 14 7 5 1 さす
18 70 14 7 5 2 さす
107 70 14 7 5 3 さす
20 70 14 7 5 4 さす
21 70 14 7 5 5 さす
5 70 14 7 5 6 さす
22 70 14 7 5 7 さす
106 70 14 7 5 8 さす
8 70 14 7 5 9 さす
9 70 14 7 5 10 さす
24 70 14 7 5 11 さす
11 70 14 7 5 12 さす
25 70 14 7 5 13 さす
5 70 14 7 5 14 さす
17 69 14 7 1 1 られる
18 69 14 7 1 2 られる
80 69 14 7 1 3 られる
20 69 14 7 1 4 られる
3 69 14 7 1 5 られる
5 69 14 7 1 6 られる
81 69 14 7 1 7 られる
106 69 14 7 1 8 られる
8 69 14 7 1 9 られる
9 69 14 7 1 10 られる
24 69 14 7 1 11 られる
11 69 14 7 1 12 られる
25 69 14 7 1 13 られる
5 69 14 7 1 14 られる
3 69 14 7 1 15 られる
17 67 14 7 1 1 れる
18 67 14 7 1 2 れる
80 67 14 7 1 3 れる
20 67 14 7 1 4 れる
3 67 14 7 1 5 れる
5 67 14 7 1 6 れる
81 67 14 7 1 7 れる
106 67 14 7 1 8 れる
8 67 14 7 1 9 れる
9 67 14 7 1 10 れる
24 67 14 7 1 11 れる
11 67 14 7 1 12 れる
25 67 14 7 1 13 れる
5 67 14 7 1 14 れる
3 67 14 7 1 15 れる
17 71 14 7 1 1 しめる
18 71 14 7 1 2 しめる
80 71 14 7 1 3 しめる
20 71 14 7 1 4 しめる
3 71 14 7 1 5 しめる
5 71 14 7 1 6 しめる
81 71 14 7 1 7 しめる
106 71 14 7 1 8 しめる
8 71 14 7 1 9 しめる
9 71 14 7 1 10 しめる
24 71 14 7 1 11 しめる
11 71 14 7 1 12 しめる
25 71 14 7 1 13 しめる
5 71 14 7 1 14 しめる
3 71 14 7 1 15 しめる
17 72 14 7 1 1 いる
18 72 14 7 1 2 いる
80 72 14 7 1 3 いる
20 72 14 7 1 4 いる
3 72 14 7 1 5 いる
5 72 14 7 1 6 いる
81 72 14 7 1 7 いる
106 72 14 7 1 8 いる
8 72 14 7 1 9 いる
9 72 14 7 1 10 いる
24 72 14 7 1 11 いる
11 72 14 7 1 12 いる
25 72 14 7 1 13 いる
5 72 14 7 1 14 いる
3 72 14 7 1 15 いる
17 72 14 7 1 1 る
18 72 14 7 1 2 る
80 72 14 7 1 3 る
20 72 14 7 1 4 る
3 72 14 7 1 5 る
5 72 14 7 1 6 る
81 72 14 7 1 7 る
106 72 14 7 1 8 る
8 72 14 7 1 9 る
9 72 14 7 1 10 る
24 72 14 7 1 11 る
11 72 14 7 1 12 る
25 72 14 7 1 13 る
5 72 14 7 1 14 る
3 72 14 7 1 15 る
17 72 14 7 1 1 みる
18 72 14 7 1 2 みる
80 72 14 7 1 3 みる
20 72 14 7 1 4 みる
3 72 14 7 1 5 みる
5 72 14 7 1 6 みる
81 72 14 7 1 7 みる
106 72 14 7 1 8 みる
8 72 14 7 1 9 みる
9 72 14 7 1 10 みる
24 72 14 7 1 11 みる
11 72 14 7 1 12 みる
25 72 14 7 1 13 みる
5 72 14 7 1 14 みる
3 72 14 7 1 15 みる
17 72 14 7 14 1 くる
18 72 14 7 14 2 くる
80 72 14 7 14 3 くる
20 72 14 7 14 4 くる
3 72 14 7 14 5 くる
5 72 14 7 14 6 くる
22 72 14 7 14 7 くる
106 72 14 7 14 8 くる
8 72 14 7 14 9 くる
9 72 14 7 14 10 くる
24 72 14 7 14 11 くる
11 72 14 7 14 12 くる
25 72 14 7 14 13 くる
5 72 14 7 14 14 くる
17 72 14 7 15 1 来る
18 72 14 7 15 2 来る
80 72 14 7 15 3 来る
20 72 14 7 15 4 来る
3 72 14 7 15 5 来る
5 72 14 7 15 6 来る
22 72 14 7 15 7 来る
106 72 14 7 15 8 来る
8 72 14 7 15 9 来る
9 72 14 7 15 10 来る
24 72 14 7 15 11 来る
11 72 14 7 15 12 来る
25 72 14 7 15 13 来る
5 72 14 7 15 14 来る
17 72 14 7 2 1 おく
18 72 14 7 2 2 おく
107 72 14 7 2 3 おく
20 72 14 7 2 4 おく
21 72 14 7 2 5 おく
5 72 14 7 2 6 おく
22 72 14 7 2 7 おく
106 72 14 7 2 8 おく
8 72 14 7 2 9 おく
9 72 14 7 2 10 おく
24 72 14 7 2 11 おく
11 72 14 7 2 12 おく
25 72 14 7 2 13 おく
5 72 14 7 2 14 おく
17 72 14 7 10 1 ある
18 72 14 7 10 2 ある
107 72 14 7 10 3 ある
20 72 14 7 10 4 ある
21 72 14 7 10 5 ある
5 72 14 7 10 6 ある
22 72 14 7 10 7 ある
106 72 14 7 10 8 ある
8 72 14 7 10 9 ある
9 72 14 7 10 10 ある
24 72 14 7 10 11 ある
11 72 14 7 10 12 ある
25 72 14 7 10 13 ある
5 72 14 7 10 14 ある
17 72 14 7 10 1 おる
18 72 14 7 10 2 おる
107 72 14 7 10 3 おる
20 72 14 7 10 4 おる
21 72 14 7 10 5 おる
5 72 14 7 10 6 おる
22 72 14 7 10 7 おる
106 72 14 7 10 8 おる
8 72 14 7 10 9 おる
9 72 14 7 10 10 おる
24 72 14 7 10 11 おる
11 72 14 7 10 12 おる
25 72 14 7 10 13 おる
5 72 14 7 10 14 おる
17 72 14 7 10 1 居る
18 72 14 7 10 2 居る
107 72 14 7 10 3 居る
20 72 14 7 10 4 居る
21 72 14 7 10 5 居る
5 72 14 7 10 6 居る
22 72 14 7 10 7 居る
106 72 14 7 10 8 居る
8 72 14 7 10 9 居る
9 72 14 7 10 10 居る
24 72 14 7 10 11 居る
11 72 14 7 10 12 居る
25 72 14 7 10 13 居る
5 72 14 7 10 14 居る
17 72 14 7 3 1 いく
18 72 14 7 3 2 いく
107 72 14 7 3 3 いく
20 72 14 7 3 4 いく
21 72 14 7 3 5 いく
5 72 14 7 3 6 いく
22 72 14 7 3 7 いく
106 72 14 7 3 8 いく
8 72 14 7 3 9 いく
9 72 14 7 3 10 いく
24 72 14 7 3 11 いく
11 72 14 7 3 12 いく
25 72 14 7 3 13 いく
5 72 14 7 3 14 いく
17 72 14 7 1 1 いける
18 72 14 7 1 2 いける
80 72 14 7 1 3 いける
20 72 14 7 1 4 いける
3 72 14 7 1 5 いける
5 72 14 7 1 6 いける
81 72 14 7 1 7 いける
106 72 14 7 1 8 いける
8 72 14 7 1 9 いける
9 72 14 7 1 10 いける
24 72 14 7 1 11 いける
11 72 14 7 1 12 いける
25 72 14 7 1 13 いける
5 72 14 7 1 14 いける
3 72 14 7 1 15 いける
17 72 14 7 1 1 くれる
18 72 14 7 1 2 くれる
80 72 14 7 1 3 くれる
20 72 14 7 1 4 くれる
3 72 14 7 1 5 くれる
5 72 14 7 1 6 くれる
81 72 14 7 1 7 くれる
106 72 14 7 1 8 くれる
8 72 14 7 1 9 くれる
9 72 14 7 1 10 くれる
24 72 14 7 1 11 くれる
11 72 14 7 1 12 くれる
25 72 14 7 1 13 くれる
5 72 14 7 1 14 くれる
3 72 14 7 1 15 くれる
17 72 14 7 12 1 もらう
18 72 14 7 12 2 もらう
107 72 14 7 12 3 もらう
20 72 14 7 12 4 もらう
21 72 14 7 12 5 もらう
5 72 14 7 12 6 もらう
22 72 14 7 12 7 もらう
106 72 14 7 12 8 もらう
8 72 14 7 12 9 もらう
9 72 14 7 12 10 もらう
24 72 14 7 12 11 もらう
11 72 14 7 12 12 もらう
25 72 14 7 12 13 もらう
5 72 14 7 12 14 もらう
17 72 14 7 12 1 しまう
18 72 14 7 12 2 しまう
107 72 14 7 12 3 しまう
20 72 14 7 12 4 しまう
21 72 14 7 12 5 しまう
5 72 14 7 12 6 しまう
22 72 14 7 12 7 しまう
106 72 14 7 12 8 しまう
8 72 14 7 12 9 しまう
9 72 14 7 12 10 しまう
24 72 14 7 12 11 しまう
11 72 14 7 12 12 しまう
25 72 14 7 12 13 しまう
5 72 14 7 12 14 しまう
17 72 14 7 11 1 下さる
18 72 14 7 11 2 下さる
108 72 14 7 11 3 下さる
20 72 14 7 11 4 下さる
84 72 14 7 11 5 下さる
5 72 14 7 11 6 下さる
22 72 14 7 11 7 下さる
106 72 14 7 11 8 下さる
8 72 14 7 11 9 下さる
9 72 14 7 11 10 下さる
24 72 14 7 11 11 下さる
11 72 14 7 11 12 下さる
25 72 14 7 11 13 下さる
5 72 14 7 11 14 下さる
17 72 14 7 11 1 くださる
18 72 14 7 11 2 くださる
108 72 14 7 11 3 くださる
20 72 14 7 11 4 くださる
84 72 14 7 11 5 くださる
5 72 14 7 11 6 くださる
22 72 14 7 11 7 くださる
106 72 14 7 11 8 くださる
8 72 14 7 11 9 くださる
9 72 14 7 11 10 くださる
24 72 14 7 11 11 くださる
11 72 14 7 11 12 くださる
25 72 14 7 11 13 くださる
5 72 14 7 11 14 くださる
17 73 14 7 16 1 する
18 73 14 7 16 2 する
28 73 14 7 16 3 する
20 73 14 7 16 4 する
3 73 14 7 16 5 する
5 73 14 7 16 6 する
109 73 14 7 16 7 する
106 73 14 7 16 8 する
8 73 14 7 16 9 する
9 73 14 7 16 10 する
24 73 14 7 16 11 する
11 73 14 7 16 12 する
25 73 14 7 16 13 する
5 73 14 7 16 14 する
31 73 14 7 16 15 する
14 73 14 7 16 16 する
3 73 14 7 16 17 する
17 74 14 7 10 1 なる
18 74 14 7 10 2 なる
107 74 14 7 10 3 なる
20 74 14 7 10 4 なる
21 74 14 7 10 5 なる
5 74 14 7 10 6 なる
22 74 14 7 10 7 なる
106 74 14 7 10 8 なる
8 74 14 7 10 9 なる
9 74 14 7 10 10 なる
24 74 14 7 10 11 なる
11 74 14 7 10 12 なる
25 74 14 7 10 13 なる
5 74 14 7 10 14 なる
17 73 14 7 16 1 する
18 73 14 7 16 2 する
28 73 14 7 16 3 する
20 73 14 7 16 4 する
3 73 14 7 16 5 する
5 73 14 7 16 6 する
109 73 14 7 16 7 する
106 73 14 7 16 8 する
8 73 14 7 16 9 する
9 73 14 7 16 10 する
24 73 14 7 16 11 する
11 73 14 7 16 12 する
25 73 14 7 16 13 する
5 73 14 7 16 14 する
31 73 14 7 16 15 する
14 73 14 7 16 16 する
3 73 14 7 16 17 する
110 75 12 0 0 0 ありがとう
110 75 12 0 0 0 おめでとう
110 75 12 0 0 0 おはよう
17 76 14 7 31 1 御座います
111 76 14 7 31 2 御座います
14 76 14 7 31 3 御座います
20 76 14 7 31 4 御座います
106 76 14 7 31 5 御座います
9 76 14 7 31 6 御座います
24 76 14 7 31 7 御座います
11 76 14 7 31 8 御座います
17 76 14 7 31 1 ございます
111 76 14 7 31 2 ございます
14 76 14 7 31 3 ございます
20 76 14 7 31 4 ございます
106 76 14 7 31 5 ございます
9 76 14 7 31 6 ございます
24 76 14 7 31 7 ございます
11 76 14 7 31 8 ございます
17 77 14 7 31 1 存じます
111 77 14 7 31 2 存じます
14 77 14 7 31 3 存じます
20 77 14 7 31 4 存じます
106 77 14 7 31 5 存じます
9 77 14 7 31 6 存じます
24 77 14 7 31 7 存じます
11 77 14 7 31 8 存じます
17 77 14 7 31 1 ぞんじます
111 77 14 7 31 2 ぞんじます
14 77 14 7 31 3 ぞんじます
20 77 14 7 31 4 ぞんじます
106 77 14 7 31 5 ぞんじます
9 77 14 7 31 6 ぞんじます
24 77 14 7 31 7 ぞんじます
11 77 14 7 31 8 ぞんじます
17 78 14 7 32 1 うる
18 78 14 7 32 2 うる
112 78 14 7 32 3 うる
5 78 14 7 32 4 うる
106 78 14 7 32 5 うる
8 78 14 7 32 6 うる
9 78 14 7 32 7 うる
24 78 14 7 32 8 うる
11 78 14 7 32 9 うる
17 78 14 7 33 1 得る
18 78 14 7 33 2 得る
112 78 14 7 33 3 得る
5 78 14 7 33 4 得る
106 78 14 7 33 5 得る
8 78 14 7 33 6 得る
9 78 14 7 33 7 得る
24 78 14 7 33 8 得る
11 78 14 7 33 9 得る
17 79 14 7 31 1 ます
111 79 14 7 31 2 ます
14 79 14 7 31 3 ます
20 79 14 7 31 4 ます
106 79 14 7 31 5 ます
9 79 14 7 31 6 ます
24 79 14 7 31 7 ます
11 79 14 7 31 8 ます
17 79 14 7 11 1 なさる
18 79 14 7 11 2 なさる
108 79 14 7 11 3 なさる
20 79 14 7 11 4 なさる
84 79 14 7 11 5 なさる
5 79 14 7 11 6 なさる
22 79 14 7 11 7 なさる
106 79 14 7 11 8 なさる
8 79 14 7 11 9 なさる
9 79 14 7 11 10 なさる
24 79 14 7 11 11 なさる
11 79 14 7 11 12 なさる
25 79 14 7 11 13 なさる
5 79 14 7 11 14 なさる
17 79 14 7 31 1 ます
111 79 14 7 31 2 ます
14 79 14 7 31 3 ます
20 79 14 7 31 4 ます
106 79 14 7 31 5 ます
9 79 14 7 31 6 ます
24 79 14 7 31 7 ます
11 79 14 7 31 8 ます
17 80 14 7 10 1 かかる
18 80 14 7 10 2 かかる
107 80 14 7 10 3 かかる
20 80 14 7 10 4 かかる
21 80 14 7 10 5 かかる
5 80 14 7 10 6 かかる
22 80 14 7 10 7 かかる
106 80 14 7 10 8 かかる
8 80 14 7 10 9 かかる
9 80 14 7 10 10 かかる
24 80 14 7 10 11 かかる
11 80 14 7 10 12 かかる
25 80 14 7 10 13 かかる
5 80 14 7 10 14 かかる
17 80 14 7 1 1 かける
18 80 14 7 1 2 かける
80 80 14 7 1 3 かける
20 80 14 7 1 4 かける
3 80 14 7 1 5 かける
5 80 14 7 1 6 かける
81 80 14 7 1 7 かける
106 80 14 7 1 8 かける
8 80 14 7 1 9 かける
9 80 14 7 1 10 かける
24 80 14 7 1 11 かける
11 80 14 7 1 12 かける
25 80 14 7 1 13 かける
5 80 14 7 1 14 かける
3 80 14 7 1 15 かける
17 80 14 7 1 1 かねる
18 80 14 7 1 2 かねる
80 80 14 7 1 3 かねる
20 80 14 7 1 4 かねる
3 80 14 7 1 5 かねる
5 80 14 7 1 6 かねる
81 80 14 7 1 7 かねる
106 80 14 7 1 8 かねる
8 80 14 7 1 9 かねる
9 80 14 7 1 10 かねる
24 80 14 7 1 11 かねる
11 80 14 7 1 12 かねる
25 80 14 7 1 13 かねる
5 80 14 7 1 14 かねる
3 80 14 7 1 15 かねる
17 80 14 7 9 1 あぐむ
18 80 14 7 9 2 あぐむ
14 80 14 7 9 3 あぐむ
20 80 14 7 9 4 あぐむ
21 80 14 7 9 5 あぐむ
5 80 14 7 9 6 あぐむ
22 80 14 7 9 7 あぐむ
106 80 14 7 9 8 あぐむ
8 80 14 7 9 9 あぐむ
9 80 14 7 9 10 あぐむ
24 80 14 7 9 11 あぐむ
11 80 14 7 9 12 あぐむ
25 80 14 7 9 13 あぐむ
5 80 14 7 9 14 あぐむ
17 80 14 7 1 1 あぐねる
18 80 14 7 1 2 あぐねる
80 80 14 7 1 3 あぐねる
20 80 14 7 1 4 あぐねる
3 80 14 7 1 5 あぐねる
5 80 14 7 1 6 あぐねる
81 80 14 7 1 7 あぐねる
106 80 14 7 1 8 あぐねる
8 80 14 7 1 9 あぐねる
9 80 14 7 1 10 あぐねる
24 80 14 7 1 11 あぐねる
11 80 14 7 1 12 あぐねる
25 80 14 7 1 13 あぐねる
5 80 14 7 1 14 あぐねる
3 80 14 7 1 15 あぐねる
17 80 14 7 1 1 そびれる
18 80 14 7 1 2 そびれる
80 80 14 7 1 3 そびれる
20 80 14 7 1 4 そびれる
3 80 14 7 1 5 そびれる
5 80 14 7 1 6 そびれる
81 80 14 7 1 7 そびれる
106 80 14 7 1 8 そびれる
8 80 14 7 1 9 そびれる
9 80 14 7 1 10 そびれる
24 80 14 7 1 11 そびれる
11 80 14 7 1 12 そびれる
25 80 14 7 1 13 そびれる
5 80 14 7 1 14 そびれる
3 80 14 7 1 15 そびれる
17 81 14 7 1 1 すぎる
18 81 14 7 1 2 すぎる
80 81 14 7 1 3 すぎる
20 81 14 7 1 4 すぎる
3 81 14 7 1 5 すぎる
5 81 14 7 1 6 すぎる
81 81 14 7 1 7 すぎる
106 81 14 7 1 8 すぎる
8 81 14 7 1 9 すぎる
9 81 14 7 1 10 すぎる
24 81 14 7 1 11 すぎる
11 81 14 7 1 12 すぎる
25 81 14 7 1 13 すぎる
5 81 14 7 1 14 すぎる
3 81 14 7 1 15 すぎる
17 81 14 7 1 1 過ぎる
18 81 14 7 1 2 過ぎる
80 81 14 7 1 3 過ぎる
20 81 14 7 1 4 過ぎる
3 81 14 7 1 5 過ぎる
5 81 14 7 1 6 過ぎる
81 81 14 7 1 7 過ぎる
106 81 14 7 1 8 過ぎる
8 81 14 7 1 9 過ぎる
9 81 14 7 1 10 過ぎる
24 81 14 7 1 11 過ぎる
11 81 14 7 1 12 過ぎる
25 81 14 7 1 13 過ぎる
5 81 14 7 1 14 過ぎる
3 81 14 7 1 15 過ぎる
17 82 14 7 10 1 がる
18 82 14 7 10 2 がる
107 82 14 7 10 3 がる
20 82 14 7 10 4 がる
21 82 14 7 10 5 がる
5 82 14 7 10 6 がる
22 82 14 7 10 7 がる
106 82 14 7 10 8 がる
8 82 14 7 10 9 がる
9 82 14 7 10 10 がる
24 82 14 7 10 11 がる
11 82 14 7 10 12 がる
25 82 14 7 10 13 がる
5 82 14 7 10 14 がる
17 83 14 7 2 1 めく
18 83 14 7 2 2 めく
107 83 14 7 2 3 めく
20 83 14 7 2 4 めく
21 83 14 7 2 5 めく
5 83 14 7 2 6 めく
22 83 14 7 2 7 めく
106 83 14 7 2 8 めく
8 83 14 7 2 9 めく
9 83 14 7 2 10 めく
24 83 14 7 2 11 めく
11 83 14 7 2 12 めく
25 83 14 7 2 13 めく
5 83 14 7 2 14 めく
17 84 14 7 12 1 う
18 84 14 7 12 2 う
107 84 14 7 12 3 う
20 84 14 7 12 4 う
21 84 14 7 12 5 う
5 84 14 7 12 6 う
22 84 14 7 12 7 う
106 84 14 7 12 8 う
8 84 14 7 12 9 う
9 84 14 7 12 10 う
24 84 14 7 12 11 う
11 84 14 7 12 12 う
25 84 14 7 12 13 う
5 84 14 7 12 14 う
113 80 14 5 18 1 たい
114 80 14 5 18 2 たい
3 80 14 5 18 3 たい
4 80 14 5 18 4 たい
5 80 14 5 18 5 たい
6 80 14 5 18 6 たい
7 80 14 5 18 7 たい
8 80 14 5 18 8 たい
9 80 14 5 18 9 たい
56 80 14 5 18 10 たい
11 80 14 5 18 11 たい
12 80 14 5 18 12 たい
12 80 14 5 18 13 たい
5 80 14 5 18 14 たい
9 80 14 5 18 15 たい
17 80 14 5 18 16 たい
14 80 14 5 18 17 たい
15 80 14 5 18 18 たい
16 80 14 5 18 19 たい
3 80 14 5 18 20 たい
113 80 14 5 18 1 やすい
2 80 14 5 18 2 やすい
3 80 14 5 18 3 やすい
4 80 14 5 18 4 やすい
5 80 14 5 18 5 やすい
6 80 14 5 18 6 やすい
7 80 14 5 18 7 やすい
8 80 14 5 18 8 やすい
9 80 14 5 18 9 やすい
56 80 14 5 18 10 やすい
11 80 14 5 18 11 やすい
12 80 14 5 18 12 やすい
12 80 14 5 18 13 やすい
5 80 14 5 18 14 やすい
9 80 14 5 18 15 やすい
17 80 14 5 18 16 やすい
14 80 14 5 18 17 やすい
15 80 14 5 18 18 やすい
16 80 14 5 18 19 やすい
3 80 14 5 18 20 やすい
113 80 14 5 18 1 よい
2 80 14 5 18 2 よい
3 80 14 5 18 3 よい
4 80 14 5 18 4 よい
5 80 14 5 18 5 よい
6 80 14 5 18 6 よい
7 80 14 5 18 7 よい
8 80 14 5 18 8 よい
9 80 14 5 18 9 よい
56 80 14 5 18 10 よい
11 80 14 5 18 11 よい
12 80 14 5 18 12 よい
12 80 14 5 18 13 よい
5 80 14 5 18 14 よい
9 80 14 5 18 15 よい
17 80 14 5 18 16 よい
14 80 14 5 18 17 よい
15 80 14 5 18 18 よい
16 80 14 5 18 19 よい
3 80 14 5 18 20 よい
113 80 14 5 18 1 にくい
2 80 14 5 18 2 にくい
3 80 14 5 18 3 にくい
4 80 14 5 18 4 にくい
5 80 14 5 18 5 にくい
6 80 14 5 18 6 にくい
7 80 14 5 18 7 にくい
8 80 14 5 18 8 にくい
9 80 14 5 18 9 にくい
56 80 14 5 18 10 にくい
11 80 14 5 18 11 にくい
12 80 14 5 18 12 にくい
12 80 14 5 18 13 にくい
5 80 14 5 18 14 にくい
9 80 14 5 18 15 にくい
17 80 14 5 18 16 にくい
14 80 14 5 18 17 にくい
15 80 14 5 18 18 にくい
16 80 14 5 18 19 にくい
3 80 14 5 18 20 にくい
113 80 14 5 18 1 がたい
2 80 14 5 18 2 がたい
3 80 14 5 18 3 がたい
4 80 14 5 18 4 がたい
5 80 14 5 18 5 がたい
6 80 14 5 18 6 がたい
7 80 14 5 18 7 がたい
8 80 14 5 18 8 がたい
9 80 14 5 18 9 がたい
56 80 14 5 18 10 がたい
11 80 14 5 18 11 がたい
12 80 14 5 18 12 がたい
12 80 14 5 18 13 がたい
5 80 14 5 18 14 がたい
9 80 14 5 18 15 がたい
17 80 14 5 18 16 がたい
14 80 14 5 18 17 がたい
15 80 14 5 18 18 がたい
16 80 14 5 18 19 がたい
3 80 14 5 18 20 がたい
113 80 14 5 18 1 難い
2 80 14 5 18 2 難い
3 80 14 5 18 3 難い
4 80 14 5 18 4 難い
5 80 14 5 18 5 難い
6 80 14 5 18 6 難い
7 80 14 5 18 7 難い
8 80 14 5 18 8 難い
9 80 14 5 18 9 難い
56 80 14 5 18 10 難い
11 80 14 5 18 11 難い
12 80 14 5 18 12 難い
12 80 14 5 18 13 難い
5 80 14 5 18 14 難い
9 80 14 5 18 15 難い
17 80 14 5 18 16 難い
14 80 14 5 18 17 難い
15 80 14 5 18 18 難い
16 80 14 5 18 19 難い
3 80 14 5 18 20 難い
113 80 14 5 18 1 づらい
2 80 14 5 18 2 づらい
3 80 14 5 18 3 づらい
4 80 14 5 18 4 づらい
5 80 14 5 18 5 づらい
6 80 14 5 18 6 づらい
7 80 14 5 18 7 づらい
8 80 14 5 18 8 づらい
9 80 14 5 18 9 づらい
56 80 14 5 18 10 づらい
11 80 14 5 18 11 づらい
12 80 14 5 18 12 づらい
12 80 14 5 18 13 づらい
5 80 14 5 18 14 づらい
9 80 14 5 18 15 づらい
17 80 14 5 18 16 づらい
14 80 14 5 18 17 づらい
15 80 14 5 18 18 づらい
16 80 14 5 18 19 づらい
3 80 14 5 18 20 づらい
82 80 14 5 22 1 がちだ
58 80 14 5 22 2 がちだ
3 80 14 5 22 3 がちだ
59 80 14 5 22 4 がちだ
115 80 14 5 22 5 がちだ
60 80 14 5 22 6 がちだ
5 80 14 5 22 7 がちだ
61 80 14 5 22 8 がちだ
62 80 14 5 22 9 がちだ
60 80 14 5 22 10 がちだ
9 80 14 5 22 11 がちだ
63 80 14 5 22 12 がちだ
64 80 14 5 22 13 がちだ
65 80 14 5 22 14 がちだ
16 80 14 5 22 15 がちだ
5 80 14 5 22 16 がちだ
66 80 14 5 22 17 がちだ
29 80 14 5 22 18 がちだ
60 80 14 5 22 19 がちだ
5 80 14 5 22 20 がちだ
67 80 14 5 22 21 がちだ
68 80 14 5 22 22 がちだ
60 80 14 5 22 23 がちだ
9 80 14 5 22 24 がちだ
69 80 14 5 22 25 がちだ
64 80 14 5 22 26 がちだ
70 80 14 5 22 27 がちだ
60 80 14 5 22 28 がちだ
71 80 14 5 22 29 がちだ
72 80 14 5 22 30 がちだ
60 80 14 5 22 31 がちだ
9 80 14 5 22 32 がちだ
73 80 14 5 22 33 がちだ
74 80 14 5 22 34 がちだ
82 80 14 5 22 1 気味だ
58 80 14 5 22 2 気味だ
3 80 14 5 22 3 気味だ
59 80 14 5 22 4 気味だ
115 80 14 5 22 5 気味だ
60 80 14 5 22 6 気味だ
5 80 14 5 22 7 気味だ
61 80 14 5 22 8 気味だ
62 80 14 5 22 9 気味だ
60 80 14 5 22 10 気味だ
9 80 14 5 22 11 気味だ
63 80 14 5 22 12 気味だ
64 80 14 5 22 13 気味だ
65 80 14 5 22 14 気味だ
16 80 14 5 22 15 気味だ
5 80 14 5 22 16 気味だ
66 80 14 5 22 17 気味だ
29 80 14 5 22 18 気味だ
60 80 14 5 22 19 気味だ
5 80 14 5 22 20 気味だ
67 80 14 5 22 21 気味だ
68 80 14 5 22 22 気味だ
60 80 14 5 22 23 気味だ
9 80 14 5 22 24 気味だ
69 80 14 5 22 25 気味だ
64 80 14 5 22 26 気味だ
70 80 14 5 22 27 気味だ
60 80 14 5 22 28 気味だ
71 80 14 5 22 29 気味だ
72 80 14 5 22 30 気味だ
60 80 14 5 22 31 気味だ
9 80 14 5 22 32 気味だ
73 80 14 5 22 33 気味だ
74 80 14 5 22 34 気味だ
82 80 14 5 22 1 ぎみだ
58 80 14 5 22 2 ぎみだ
3 80 14 5 22 3 ぎみだ
59 80 14 5 22 4 ぎみだ
115 80 14 5 22 5 ぎみだ
60 80 14 5 22 6 ぎみだ
5 80 14 5 22 7 ぎみだ
61 80 14 5 22 8 ぎみだ
62 80 14 5 22 9 ぎみだ
60 80 14 5 22 10 ぎみだ
9 80 14 5 22 11 ぎみだ
63 80 14 5 22 12 ぎみだ
64 80 14 5 22 13 ぎみだ
65 80 14 5 22 14 ぎみだ
16 80 14 5 22 15 ぎみだ
5 80 14 5 22 16 ぎみだ
66 80 14 5 22 17 ぎみだ
29 80 14 5 22 18 ぎみだ
60 80 14 5 22 19 ぎみだ
5 80 14 5 22 20 ぎみだ
67 80 14 5 22 21 ぎみだ
68 80 14 5 22 22 ぎみだ
60 80 14 5 22 23 ぎみだ
9 80 14 5 22 24 ぎみだ
69 80 14 5 22 25 ぎみだ
64 80 14 5 22 26 ぎみだ
70 80 14 5 22 27 ぎみだ
60 80 14 5 22 28 ぎみだ
71 80 14 5 22 29 ぎみだ
72 80 14 5 22 30 ぎみだ
60 80 14 5 22 31 ぎみだ
9 80 14 5 22 32 ぎみだ
73 80 14 5 22 33 ぎみだ
74 80 14 5 22 34 ぎみだ
116 85 14 5 21 1 そうだ
58 85 14 5 21 2 そうだ
3 85 14 5 21 3 そうだ
59 85 14 5 21 4 そうだ
60 85 14 5 21 5 そうだ
5 85 14 5 21 6 そうだ
117 85 14 5 21 7 そうだ
62 85 14 5 21 8 そうだ
60 85 14 5 21 9 そうだ
9 85 14 5 21 10 そうだ
63 85 14 5 21 11 そうだ
64 85 14 5 21 12 そうだ
65 85 14 5 21 13 そうだ
16 86 14 5 21 14 そうだ
5 85 14 5 21 15 そうだ
66 85 14 5 21 16 そうだ
29 85 14 5 21 17 そうだ
60 85 14 5 21 18 そうだ
5 85 14 5 21 19 そうだ
67 85 14 5 21 20 そうだ
68 85 14 5 21 21 そうだ
60 85 14 5 21 22 そうだ
9 85 14 5 21 23 そうだ
69 85 14 5 21 24 そうだ
64 85 14 5 21 25 そうだ
70 85 14 5 21 26 そうだ
60 85 14 5 21 27 そうだ
71 85 14 5 21 28 そうだ
72 85 14 5 21 29 そうだ
60 85 14 5 21 30 そうだ
9 85 14 5 21 31 そうだ
73 85 14 5 21 32 そうだ
74 85 14 5 21 33 そうだ
118 87 14 1 0 0 さ
116 85 14 5 21 1 そうだ
58 85 14 5 21 2 そうだ
3 85 14 5 21 3 そうだ
59 85 14 5 21 4 そうだ
60 85 14 5 21 5 そうだ
5 85 14 5 21 6 そうだ
117 85 14 5 21 7 そうだ
62 85 14 5 21 8 そうだ
60 85 14 5 21 9 そうだ
9 85 14 5 21 10 そうだ
63 85 14 5 21 11 そうだ
64 85 14 5 21 12 そうだ
65 85 14 5 21 13 そうだ
16 86 14 5 21 14 そうだ
5 85 14 5 21 15 そうだ
66 85 14 5 21 16 そうだ
29 85 14 5 21 17 そうだ
60 85 14 5 21 18 そうだ
5 85 14 5 21 19 そうだ
67 85 14 5 21 20 そうだ
68 85 14 5 21 21 そうだ
60 85 14 5 21 22 そうだ
9 85 14 5 21 23 そうだ
69 85 14 5 21 24 そうだ
64 85 14 5 21 25 そうだ
70 85 14 5 21 26 そうだ
60 85 14 5 21 27 そうだ
71 85 14 5 21 28 そうだ
72 85 14 5 21 29 そうだ
60 85 14 5 21 30 そうだ
9 85 14 5 21 31 そうだ
73 85 14 5 21 32 そうだ
74 85 14 5 21 33 そうだ
113 88 14 5 18 1 ない
2 88 14 5 18 2 ない
3 88 14 5 18 3 ない
4 88 14 5 18 4 ない
5 88 14 5 18 5 ない
6 88 14 5 18 6 ない
7 88 14 5 18 7 ない
8 88 14 5 18 8 ない
9 88 14 5 18 9 ない
56 88 14 5 18 10 ない
11 88 14 5 18 11 ない
12 88 14 5 18 12 ない
12 88 14 5 18 13 ない
5 88 14 5 18 14 ない
9 88 14 5 18 15 ない
17 88 14 5 18 16 ない
14 88 14 5 18 17 ない
15 88 14 5 18 18 ない
16 88 14 5 18 19 ない
3 88 14 5 18 20 ない
82 89 14 5 22 1 めだ
58 89 14 5 22 2 めだ
3 89 14 5 22 3 めだ
59 89 14 5 22 4 めだ
115 89 14 5 22 5 めだ
60 89 14 5 22 6 めだ
5 89 14 5 22 7 めだ
61 89 14 5 22 8 めだ
62 89 14 5 22 9 めだ
60 89 14 5 22 10 めだ
9 89 14 5 22 11 めだ
63 89 14 5 22 12 めだ
64 89 14 5 22 13 めだ
65 89 14 5 22 14 めだ
16 89 14 5 22 15 めだ
5 89 14 5 22 16 めだ
66 89 14 5 22 17 めだ
29 89 14 5 22 18 めだ
60 89 14 5 22 19 めだ
5 89 14 5 22 20 めだ
67 89 14 5 22 21 めだ
68 89 14 5 22 22 めだ
60 89 14 5 22 23 めだ
9 89 14 5 22 24 めだ
69 89 14 5 22 25 めだ
64 89 14 5 22 26 めだ
70 89 14 5 22 27 めだ
60 89 14 5 22 28 めだ
71 89 14 5 22 29 めだ
72 89 14 5 22 30 めだ
60 89 14 5 22 31 めだ
9 89 14 5 22 32 めだ
73 89 14 5 22 33 めだ
74 89 14 5 22 34 めだ
82 89 14 5 22 1 めだ
58 89 14 5 22 2 めだ
3 89 14 5 22 3 めだ
59 89 14 5 22 4 めだ
115 89 14 5 22 5 めだ
60 89 14 5 22 6 めだ
5 89 14 5 22 7 めだ
61 89 14 5 22 8 めだ
62 89 14 5 22 9 めだ
60 89 14 5 22 10 めだ
9 89 14 5 22 11 めだ
63 89 14 5 22 12 めだ
64 89 14 5 22 13 めだ
65 89 14 5 22 14 めだ
16 89 14 5 22 15 めだ
5 89 14 5 22 16 めだ
66 89 14 5 22 17 めだ
29 89 14 5 22 18 めだ
60 89 14 5 22 19 めだ
5 89 14 5 22 20 めだ
67 89 14 5 22 21 めだ
68 89 14 5 22 22 めだ
60 89 14 5 22 23 めだ
9 89 14 5 22 24 めだ
69 89 14 5 22 25 めだ
64 89 14 5 22 26 めだ
70 89 14 5 22 27 めだ
60 89 14 5 22 28 めだ
71 89 14 5 22 29 めだ
72 89 14 5 22 30 めだ
60 89 14 5 22 31 めだ
9 89 14 5 22 32 めだ
73 89 14 5 22 33 めだ
74 89 14 5 22 34 めだ
85 54 7 1 0 0 それ
119 86 9 0 0 0 か
120 90 14 4 0 0 半
121 49 6 1 0 0 半数
121 49 6 1 0 0 半分
122 91 6 10 0 0 半日
122 91 6 10 0 0 半月
122 91 6 10 0 0 半年
123 92 14 3 0 0 増
123 92 14 3 0 0 減
123 92 14 3 0 0 台
123 92 14 3 0 0 号
123 92 14 3 0 0 連続
124 92 14 3 0 0 分
123 92 14 3 0 0 単位
123 92 14 3 0 0 余り
123 92 14 3 0 0 余
123 92 14 3 0 0 あまり
124 93 14 3 0 0 時
125 49 6 1 0 0 最多
27 90 14 4 0 0 超
27 90 14 4 0 0 以内
27 90 14 4 0 0 強
27 90 14 4 0 0 弱
27 94 14 4 0 0 限り
126 45 14 3 0 0 年度
126 45 14 3 0 0 年
126 45 14 3 0 0 月
27 95 14 4 0 0 暮れ
127 45 14 3 0 0 世紀
127 45 14 3 0 0 週
27 96 14 4 0 0 末
128 45 14 3 0 0 日
129 91 6 10 0 0 元日
27 97 14 4 0 0 付
124 45 14 3 0 0 秒
124 45 14 3 0 0 キロ
27 98 14 4 0 0 過ぎ
27 98 14 4 0 0 すぎ
27 99 14 4 0 0 以降
27 99 14 4 0 0 以来
27 99 14 4 0 0 以後
27 99 14 4 0 0 以前
130 8 14 2 0 0 目
130 7 14 2 0 0 戦
27 100 14 4 0 0 都
27 100 14 4 0 0 府
27 100 14 4 0 0 県
27 100 14 4 0 0 郡
27 100 14 4 0 0 市
27 100 14 4 0 0 村
27 100 14 4 0 0 町
27 100 14 4 0 0 区
27 100 14 4 0 0 州
27 100 14 4 0 0 省
85 87 14 1 0 0 め
85 87 14 1 0 0 気
85 87 14 1 0 0 げ
85 82 14 1 0 0 み
85 101 14 2 0 0 そのもの
85 80 14 1 0 0 かた
85 80 14 1 0 0 方
85 80 14 1 0 0 手
85 80 14 1 0 0 たて
85 80 14 1 0 0 ぶり
85 80 14 1 0 0 っぷり
85 80 14 1 0 0 よう
85 80 14 1 0 0 様
85 80 14 1 0 0 がい
85 102 14 1 0 0 放題
85 102 14 1 0 0 ほうだい
85 81 14 1 0 0 そう
131 103 6 7 0 0 数
131 103 6 7 0 0 すう
131 103 6 7 0 0 何
131 103 6 7 0 0 なん
131 103 6 7 0 0 幾
131 103 6 7 0 0 いく
132 104 6 7 0 0 十
132 104 6 7 0 0 百
132 104 6 7 0 0 千
132 104 6 7 0 0 万
132 104 6 7 0 0 億
132 104 6 7 0 0 兆
133 105 6 7 0 0 分の
133 105 6 7 0 0 ・
134 106 9 2 0 0 まで
135 107 9 2 0 0 も
136 108 9 2 0 0 こそ
137 109 9 3 0 0 まで
138 110 9 1 0 0 が
139 111 9 2 0 0 さえ
140 112 9 1 0 0 を
141 113 9 2 0 0 すら
142 114 9 1 0 0 に
143 115 9 3 0 0 まま
144 116 9 3 0 0 きり
144 116 9 3 0 0 っきり
145 117 9 1 0 0 で
146 118 9 1 0 0 へ
147 119 9 1 0 0 より
148 120 9 2 0 0 どころ
149 121 9 1 0 0 の
138 122 9 1 0 0 にて
150 123 9 3 0 0 より
151 80 9 3 0 0 つつ
35 124 9 2 0 0 なら
35 125 9 2 0 0 ったら
152 126 9 2 0 0 でも
35 127 9 2 0 0 しか
153 128 9 2 0 0 とて
154 125 9 2 0 0 じゃ
155 129 9 2 0 0 って
156 130 9 2 0 0 だって
157 131 9 3 0 0 なら
158 132 9 3 0 0 し
158 133 9 3 0 0 けれども
158 133 9 3 0 0 けれど
158 133 9 3 0 0 けど
159 134 9 3 0 0 やいなや
158 133 9 3 0 0 けども
158 135 9 3 0 0 ど
158 135 9 3 0 0 ども
160 136 9 4 0 0 っけ
161 137 9 4 0 0 わ
54 86 9 4 0 0 や
162 86 9 3 0 0 のみならず
163 138 9 4 0 0 ねん
164 86 9 3 0 0 とどうじに
52 139 9 4 0 0 な
17 140 2 0 12 1 思う
18 140 2 0 12 2 思う
19 141 2 0 12 3 思う
20 140 2 0 12 4 思う
21 140 2 0 12 5 思う
5 140 2 0 12 6 思う
165 142 2 0 12 7 思う
23 140 2 0 12 8 思う
8 140 2 0 12 9 思う
9 140 2 0 12 10 思う
24 140 2 0 12 11 思う
11 140 2 0 12 12 思う
25 140 2 0 12 13 思う
5 140 2 0 12 14 思う
42 143 9 3 0 0 きや
17 144 5 0 26 1 です
166 144 5 0 26 2 です
52 137 9 4 0 0 ぞ
52 137 9 4 0 0 ぜ
52 138 9 4 0 0 で
17 145 5 0 26 1 まい
167 145 5 0 26 2 まい
52 146 9 4 0 0 *
168 147 5 0 25 1 はずだ
58 147 5 0 25 2 はずだ
3 147 5 0 25 3 はずだ
169 147 5 0 25 4 はずだ
170 147 5 0 25 5 はずだ
60 147 5 0 25 6 はずだ
5 147 5 0 25 7 はずだ
62 147 5 0 25 8 はずだ
60 147 5 0 25 9 はずだ
9 147 5 0 25 10 はずだ
171 147 5 0 25 11 はずだ
64 147 5 0 25 12 はずだ
65 147 5 0 25 13 はずだ
66 147 5 0 25 14 はずだ
29 147 5 0 25 15 はずだ
60 147 5 0 25 16 はずだ
5 147 5 0 25 17 はずだ
67 147 5 0 25 18 はずだ
68 147 5 0 25 19 はずだ
60 147 5 0 25 20 はずだ
9 147 5 0 25 21 はずだ
69 147 5 0 25 22 はずだ
64 147 5 0 25 23 はずだ
70 147 5 0 25 24 はずだ
60 147 5 0 25 25 はずだ
71 147 5 0 25 26 はずだ
72 147 5 0 25 27 はずだ
60 147 5 0 25 28 はずだ
9 147 5 0 25 29 はずだ
73 147 5 0 25 30 はずだ
74 147 5 0 25 31 はずだ
57 147 5 0 22 1 ばかりだ
58 147 5 0 22 2 ばかりだ
3 147 5 0 22 3 ばかりだ
59 147 5 0 22 4 ばかりだ
115 147 5 0 22 5 ばかりだ
60 147 5 0 22 6 ばかりだ
5 147 5 0 22 7 ばかりだ
61 147 5 0 22 8 ばかりだ
62 147 5 0 22 9 ばかりだ
60 147 5 0 22 10 ばかりだ
9 147 5 0 22 11 ばかりだ
63 147 5 0 22 12 ばかりだ
64 147 5 0 22 13 ばかりだ
65 147 5 0 22 14 ばかりだ
16 147 5 0 22 15 ばかりだ
5 147 5 0 22 16 ばかりだ
66 147 5 0 22 17 ばかりだ
29 147 5 0 22 18 ばかりだ
60 147 5 0 22 19 ばかりだ
5 147 5 0 22 20 ばかりだ
67 147 5 0 22 21 ばかりだ
68 147 5 0 22 22 ばかりだ
60 147 5 0 22 23 ばかりだ
9 147 5 0 22 24 ばかりだ
69 147 5 0 22 25 ばかりだ
64 147 5 0 22 26 ばかりだ
70 147 5 0 22 27 ばかりだ
60 147 5 0 22 28 ばかりだ
71 147 5 0 22 29 ばかりだ
72 147 5 0 22 30 ばかりだ
60 147 5 0 22 31 ばかりだ
9 147 5 0 22 32 ばかりだ
73 147 5 0 22 33 ばかりだ
74 147 5 0 22 34 ばかりだ
57 147 5 0 22 1 ばっかりだ
58 147 5 0 22 2 ばっかりだ
3 147 5 0 22 3 ばっかりだ
59 147 5 0 22 4 ばっかりだ
115 147 5 0 22 5 ばっかりだ
60 147 5 0 22 6 ばっかりだ
5 147 5 0 22 7 ばっかりだ
61 147 5 0 22 8 ばっかりだ
62 147 5 0 22 9 ばっかりだ
60 147 5 0 22 10 ばっかりだ
9 147 5 0 22 11 ばっかりだ
63 147 5 0 22 12 ばっかりだ
64 147 5 0 22 13 ばっかりだ
65 147 5 0 22 14 ばっかりだ
16 147 5 0 22 15 ばっかりだ
5 147 5 0 22 16 ばっかりだ
66 147 5 0 22 17 ばっかりだ
29 147 5 0 22 18 ばっかりだ
60 147 5 0 22 19 ばっかりだ
5 147 5 0 22 20 ばっかりだ
67 147 5 0 22 21 ばっかりだ
68 147 5 0 22 22 ばっかりだ
60 147 5 0 22 23 ばっかりだ
9 147 5 0 22 24 ばっかりだ
69 147 5 0 22 25 ばっかりだ
64 147 5 0 22 26 ばっかりだ
70 147 5 0 22 27 ばっかりだ
60 147 5 0 22 28 ばっかりだ
71 147 5 0 22 29 ばっかりだ
72 147 5 0 22 30 ばっかりだ
60 147 5 0 22 31 ばっかりだ
9 147 5 0 22 32 ばっかりだ
73 147 5 0 22 33 ばっかりだ
74 147 5 0 22 34 ばっかりだ
57 147 5 0 21 1 ようだ
58 147 5 0 21 2 ようだ
3 147 5 0 21 3 ようだ
59 147 5 0 21 4 ようだ
60 147 5 0 21 5 ようだ
5 147 5 0 21 6 ようだ
61 147 5 0 21 7 ようだ
62 147 5 0 21 8 ようだ
60 147 5 0 21 9 ようだ
9 147 5 0 21 10 ようだ
63 147 5 0 21 11 ようだ
64 147 5 0 21 12 ようだ
65 147 5 0 21 13 ようだ
16 147 5 0 21 14 ようだ
5 147 5 0 21 15 ようだ
66 147 5 0 21 16 ようだ
29 147 5 0 21 17 ようだ
60 147 5 0 21 18 ようだ
5 147 5 0 21 19 ようだ
67 147 5 0 21 20 ようだ
68 147 5 0 21 21 ようだ
60 147 5 0 21 22 ようだ
9 147 5 0 21 23 ようだ
69 147 5 0 21 24 ようだ
64 147 5 0 21 25 ようだ
70 147 5 0 21 26 ようだ
60 147 5 0 21 27 ようだ
71 147 5 0 21 28 ようだ
72 147 5 0 21 29 ようだ
60 147 5 0 21 30 ようだ
9 147 5 0 21 31 ようだ
73 147 5 0 21 32 ようだ
74 147 5 0 21 33 ようだ
57 147 5 0 21 1 ふうだ
58 147 5 0 21 2 ふうだ
3 147 5 0 21 3 ふうだ
59 147 5 0 21 4 ふうだ
60 147 5 0 21 5 ふうだ
5 147 5 0 21 6 ふうだ
61 147 5 0 21 7 ふうだ
62 147 5 0 21 8 ふうだ
60 147 5 0 21 9 ふうだ
9 147 5 0 21 10 ふうだ
63 147 5 0 21 11 ふうだ
64 147 5 0 21 12 ふうだ
65 147 5 0 21 13 ふうだ
16 147 5 0 21 14 ふうだ
5 147 5 0 21 15 ふうだ
66 147 5 0 21 16 ふうだ
29 147 5 0 21 17 ふうだ
60 147 5 0 21 18 ふうだ
5 147 5 0 21 19 ふうだ
67 147 5 0 21 20 ふうだ
68 147 5 0 21 21 ふうだ
60 147 5 0 21 22 ふうだ
9 147 5 0 21 23 ふうだ
69 147 5 0 21 24 ふうだ
64 147 5 0 21 25 ふうだ
70 147 5 0 21 26 ふうだ
60 147 5 0 21 27 ふうだ
71 147 5 0 21 28 ふうだ
72 147 5 0 21 29 ふうだ
60 147 5 0 21 30 ふうだ
9 147 5 0 21 31 ふうだ
73 147 5 0 21 32 ふうだ
74 147 5 0 21 33 ふうだ
57 65 5 0 21 1 のだ
58 65 5 0 21 2 のだ
3 65 5 0 21 3 のだ
59 65 5 0 21 4 のだ
60 65 5 0 21 5 のだ
5 65 5 0 21 6 のだ
98 65 5 0 21 7 のだ
62 65 5 0 21 8 のだ
60 65 5 0 21 9 のだ
9 65 5 0 21 10 のだ
63 65 5 0 21 11 のだ
64 65 5 0 21 12 のだ
65 65 5 0 21 13 のだ
16 65 5 0 21 14 のだ
5 65 5 0 21 15 のだ
66 65 5 0 21 16 のだ
29 65 5 0 21 17 のだ
60 65 5 0 21 18 のだ
5 65 5 0 21 19 のだ
67 65 5 0 21 20 のだ
68 65 5 0 21 21 のだ
60 65 5 0 21 22 のだ
9 65 5 0 21 23 のだ
69 65 5 0 21 24 のだ
64 65 5 0 21 25 のだ
70 65 5 0 21 26 のだ
60 65 5 0 21 27 のだ
71 65 5 0 21 28 のだ
72 65 5 0 21 29 のだ
60 65 5 0 21 30 のだ
9 65 5 0 21 31 のだ
73 65 5 0 21 32 のだ
74 65 5 0 21 33 のだ
57 148 5 0 21 1 んだ
58 148 5 0 21 2 んだ
3 148 5 0 21 3 んだ
59 148 5 0 21 4 んだ
60 148 5 0 21 5 んだ
5 148 5 0 21 6 んだ
61 148 5 0 21 7 んだ
62 148 5 0 21 8 んだ
60 148 5 0 21 9 んだ
9 148 5 0 21 10 んだ
63 148 5 0 21 11 んだ
64 148 5 0 21 12 んだ
65 148 5 0 21 13 んだ
16 148 5 0 21 14 んだ
5 148 5 0 21 15 んだ
66 148 5 0 21 16 んだ
29 148 5 0 21 17 んだ
60 148 5 0 21 18 んだ
5 148 5 0 21 19 んだ
67 148 5 0 21 20 んだ
68 148 5 0 21 21 んだ
60 148 5 0 21 22 んだ
9 148 5 0 21 23 んだ
69 148 5 0 21 24 んだ
64 148 5 0 21 25 んだ
70 148 5 0 21 26 んだ
60 148 5 0 21 27 んだ
71 148 5 0 21 28 んだ
72 148 5 0 21 29 んだ
60 148 5 0 21 30 んだ
9 148 5 0 21 31 んだ
73 148 5 0 21 32 んだ
74 148 5 0 21 33 んだ
57 65 5 0 21 1 わけだ
58 65 5 0 21 2 わけだ
3 65 5 0 21 3 わけだ
59 65 5 0 21 4 わけだ
60 65 5 0 21 5 わけだ
5 65 5 0 21 6 わけだ
61 65 5 0 21 7 わけだ
62 65 5 0 21 8 わけだ
60 65 5 0 21 9 わけだ
9 65 5 0 21 10 わけだ
63 65 5 0 21 11 わけだ
64 65 5 0 21 12 わけだ
65 65 5 0 21 13 わけだ
16 65 5 0 21 14 わけだ
5 65 5 0 21 15 わけだ
66 65 5 0 21 16 わけだ
29 65 5 0 21 17 わけだ
60 65 5 0 21 18 わけだ
5 65 5 0 21 19 わけだ
67 65 5 0 21 20 わけだ
68 65 5 0 21 21 わけだ
60 65 5 0 21 22 わけだ
9 65 5 0 21 23 わけだ
69 65 5 0 21 24 わけだ
64 65 5 0 21 25 わけだ
70 65 5 0 21 26 わけだ
60 65 5 0 21 27 わけだ
71 65 5 0 21 28 わけだ
72 65 5 0 21 29 わけだ
60 65 5 0 21 30 わけだ
9 65 5 0 21 31 わけだ
73 65 5 0 21 32 わけだ
74 65 5 0 21 33 わけだ
57 65 5 0 21 1 のだ
58 65 5 0 21 2 のだ
3 65 5 0 21 3 のだ
59 65 5 0 21 4 のだ
60 65 5 0 21 5 のだ
5 65 5 0 21 6 のだ
98 65 5 0 21 7 のだ
62 65 5 0 21 8 のだ
60 65 5 0 21 9 のだ
9 65 5 0 21 10 のだ
63 65 5 0 21 11 のだ
64 65 5 0 21 12 のだ
65 65 5 0 21 13 のだ
16 65 5 0 21 14 のだ
5 65 5 0 21 15 のだ
66 65 5 0 21 16 のだ
29 65 5 0 21 17 のだ
60 65 5 0 21 18 のだ
5 65 5 0 21 19 のだ
67 65 5 0 21 20 のだ
68 65 5 0 21 21 のだ
60 65 5 0 21 22 のだ
9 65 5 0 21 23 のだ
69 65 5 0 21 24 のだ
64 65 5 0 21 25 のだ
70 65 5 0 21 26 のだ
60 65 5 0 21 27 のだ
71 65 5 0 21 28 のだ
72 65 5 0 21 29 のだ
60 65 5 0 21 30 のだ
9 65 5 0 21 31 のだ
73 65 5 0 21 32 のだ
74 65 5 0 21 33 のだ
57 65 5 0 21 1 わけだ
58 65 5 0 21 2 わけだ
3 65 5 0 21 3 わけだ
59 65 5 0 21 4 わけだ
60 65 5 0 21 5 わけだ
5 65 5 0 21 6 わけだ
61 65 5 0 21 7 わけだ
62 65 5 0 21 8 わけだ
60 65 5 0 21 9 わけだ
9 65 5 0 21 10 わけだ
63 65 5 0 21 11 わけだ
64 65 5 0 21 12 わけだ
65 65 5 0 21 13 わけだ
16 65 5 0 21 14 わけだ
5 65 5 0 21 15 わけだ
66 65 5 0 21 16 わけだ
29 65 5 0 21 17 わけだ
60 65 5 0 21 18 わけだ
5 65 5 0 21 19 わけだ
67 65 5 0 21 20 わけだ
68 65 5 0 21 21 わけだ
60 65 5 0 21 22 わけだ
9 65 5 0 21 23 わけだ
69 65 5 0 21 24 わけだ
64 65 5 0 21 25 わけだ
70 65 5 0 21 26 わけだ
60 65 5 0 21 27 わけだ
71 65 5 0 21 28 わけだ
72 65 5 0 21 29 わけだ
60 65 5 0 21 30 わけだ
9 65 5 0 21 31 わけだ
73 65 5 0 21 32 わけだ
74 65 5 0 21 33 わけだ
17 149 5 0 26 1 ことだ
172 149 5 0 26 2 ことだ
168 149 5 0 25 1 つもりだ
58 149 5 0 25 2 つもりだ
3 149 5 0 25 3 つもりだ
169 149 5 0 25 4 つもりだ
170 149 5 0 25 5 つもりだ
60 149 5 0 25 6 つもりだ
5 149 5 0 25 7 つもりだ
62 149 5 0 25 8 つもりだ
60 149 5 0 25 9 つもりだ
9 149 5 0 25 10 つもりだ
171 149 5 0 25 11 つもりだ
64 149 5 0 25 12 つもりだ
65 149 5 0 25 13 つもりだ
66 149 5 0 25 14 つもりだ
29 149 5 0 25 15 つもりだ
60 149 5 0 25 16 つもりだ
5 149 5 0 25 17 つもりだ
67 149 5 0 25 18 つもりだ
68 149 5 0 25 19 つもりだ
60 149 5 0 25 20 つもりだ
9 149 5 0 25 21 つもりだ
69 149 5 0 25 22 つもりだ
64 149 5 0 25 23 つもりだ
70 149 5 0 25 24 つもりだ
60 149 5 0 25 25 つもりだ
71 149 5 0 25 26 つもりだ
72 149 5 0 25 27 つもりだ
60 149 5 0 25 28 つもりだ
9 149 5 0 25 29 つもりだ
73 149 5 0 25 30 つもりだ
74 149 5 0 25 31 つもりだ
17 41 5 0 19 1 らしい
2 41 5 0 19 2 らしい
3 41 5 0 19 3 らしい
4 41 5 0 19 4 らしい
5 41 5 0 19 5 らしい
6 41 5 0 19 6 らしい
7 41 5 0 19 7 らしい
8 41 5 0 19 8 らしい
9 41 5 0 19 9 らしい
56 41 5 0 19 10 らしい
11 41 5 0 19 11 らしい
12 41 5 0 19 12 らしい
12 41 5 0 19 13 らしい
5 41 5 0 19 14 らしい
9 41 5 0 19 15 らしい
17 41 5 0 19 16 らしい
14 41 5 0 19 17 らしい
15 41 5 0 19 18 らしい
16 41 5 0 19 19 らしい
3 41 5 0 19 20 らしい
57 41 5 0 21 1 みたいだ
58 41 5 0 21 2 みたいだ
3 41 5 0 21 3 みたいだ
59 41 5 0 21 4 みたいだ
60 41 5 0 21 5 みたいだ
5 41 5 0 21 6 みたいだ
61 41 5 0 21 7 みたいだ
62 41 5 0 21 8 みたいだ
60 41 5 0 21 9 みたいだ
9 41 5 0 21 10 みたいだ
63 41 5 0 21 11 みたいだ
64 41 5 0 21 12 みたいだ
65 41 5 0 21 13 みたいだ
16 41 5 0 21 14 みたいだ
5 41 5 0 21 15 みたいだ
66 41 5 0 21 16 みたいだ
29 41 5 0 21 17 みたいだ
60 41 5 0 21 18 みたいだ
5 41 5 0 21 19 みたいだ
67 41 5 0 21 20 みたいだ
68 41 5 0 21 21 みたいだ
60 41 5 0 21 22 みたいだ
9 41 5 0 21 23 みたいだ
69 41 5 0 21 24 みたいだ
64 41 5 0 21 25 みたいだ
70 41 5 0 21 26 みたいだ
60 41 5 0 21 27 みたいだ
71 41 5 0 21 28 みたいだ
72 41 5 0 21 29 みたいだ
60 41 5 0 21 30 みたいだ
9 41 5 0 21 31 みたいだ
73 41 5 0 21 32 みたいだ
74 41 5 0 21 33 みたいだ
17 144 5 0 26 1 です
166 144 5 0 26 2 です
17 150 5 0 29 1 そうだ
173 150 5 0 29 2 そうだ
73 150 5 0 29 3 そうだ
174 150 5 0 29 4 そうだ
166 150 5 0 29 5 そうだ
57 151 5 0 21 1 べきだ
58 151 5 0 21 2 べきだ
3 151 5 0 21 3 べきだ
59 151 5 0 21 4 べきだ
60 151 5 0 21 5 べきだ
5 151 5 0 21 6 べきだ
61 151 5 0 21 7 べきだ
62 151 5 0 21 8 べきだ
60 151 5 0 21 9 べきだ
9 151 5 0 21 10 べきだ
63 151 5 0 21 11 べきだ
64 151 5 0 21 12 べきだ
65 151 5 0 21 13 べきだ
16 151 5 0 21 14 べきだ
5 151 5 0 21 15 べきだ
66 151 5 0 21 16 べきだ
29 151 5 0 21 17 べきだ
60 151 5 0 21 18 べきだ
5 151 5 0 21 19 べきだ
67 151 5 0 21 20 べきだ
68 151 5 0 21 21 べきだ
60 151 5 0 21 22 べきだ
9 151 5 0 21 23 べきだ
69 151 5 0 21 24 べきだ
64 151 5 0 21 25 べきだ
70 151 5 0 21 26 べきだ
60 151 5 0 21 27 べきだ
71 151 5 0 21 28 べきだ
72 151 5 0 21 29 べきだ
60 151 5 0 21 30 べきだ
9 151 5 0 21 31 べきだ
73 151 5 0 21 32 べきだ
74 151 5 0 21 33 べきだ
175 151 5 0 30 1 べし
176 151 5 0 30 2 べし
177 151 5 0 30 3 べし
178 151 5 0 30 4 べし
175 152 5 0 30 1 ごとし
176 152 5 0 30 2 ごとし
177 152 5 0 30 3 ごとし
178 152 5 0 30 4 ごとし
175 152 5 0 30 1 如し
176 152 5 0 30 2 如し
177 152 5 0 30 3 如し
178 152 5 0 30 4 如し
17 145 5 0 26 1 まい
167 145 5 0 26 2 まい
17 153 5 0 27 1 ぬ
179 153 5 0 27 2 ぬ
5 153 5 0 27 3 ぬ
180 153 5 0 27 4 ぬ
4 153 5 0 27 5 ぬ
181 153 5 0 27 6 ぬ
9 153 5 0 27 7 ぬ
182 154 5 0 27 8 ぬ
8 153 5 0 27 9 ぬ
183 153 5 0 27 10 ぬ
184 153 5 0 27 11 ぬ
185 153 5 0 27 12 ぬ
5 153 5 0 27 13 ぬ
12 153 5 0 27 14 ぬ
17 153 5 0 27 1 ぬ
179 153 5 0 27 2 ぬ
5 153 5 0 27 3 ぬ
180 153 5 0 27 4 ぬ
4 153 5 0 27 5 ぬ
181 153 5 0 27 6 ぬ
9 153 5 0 27 7 ぬ
182 154 5 0 27 8 ぬ
8 153 5 0 27 9 ぬ
183 153 5 0 27 10 ぬ
184 153 5 0 27 11 ぬ
185 153 5 0 27 12 ぬ
5 153 5 0 27 13 ぬ
12 153 5 0 27 14 ぬ
17 41 5 0 19 1 らしい
2 41 5 0 19 2 らしい
3 41 5 0 19 3 らしい
4 41 5 0 19 4 らしい
5 41 5 0 19 5 らしい
6 41 5 0 19 6 らしい
7 41 5 0 19 7 らしい
8 41 5 0 19 8 らしい
9 41 5 0 19 9 らしい
56 41 5 0 19 10 らしい
11 41 5 0 19 11 らしい
12 41 5 0 19 12 らしい
12 41 5 0 19 13 らしい
5 41 5 0 19 14 らしい
9 41 5 0 19 15 らしい
17 41 5 0 19 16 らしい
14 41 5 0 19 17 らしい
15 41 5 0 19 18 らしい
16 41 5 0 19 19 らしい
3 41 5 0 19 20 らしい
57 41 5 0 21 1 みたいだ
58 41 5 0 21 2 みたいだ
3 41 5 0 21 3 みたいだ
59 41 5 0 21 4 みたいだ
60 41 5 0 21 5 みたいだ
5 41 5 0 21 6 みたいだ
61 41 5 0 21 7 みたいだ
62 41 5 0 21 8 みたいだ
60 41 5 0 21 9 みたいだ
9 41 5 0 21 10 みたいだ
63 41 5 0 21 11 みたいだ
64 41 5 0 21 12 みたいだ
65 41 5 0 21 13 みたいだ
16 41 5 0 21 14 みたいだ
5 41 5 0 21 15 みたいだ
66 41 5 0 21 16 みたいだ
29 41 5 0 21 17 みたいだ
60 41 5 0 21 18 みたいだ
5 41 5 0 21 19 みたいだ
67 41 5 0 21 20 みたいだ
68 41 5 0 21 21 みたいだ
60 41 5 0 21 22 みたいだ
9 41 5 0 21 23 みたいだ
69 41 5 0 21 24 みたいだ
64 41 5 0 21 25 みたいだ
70 41 5 0 21 26 みたいだ
60 41 5 0 21 27 みたいだ
71 41 5 0 21 28 みたいだ
72 41 5 0 21 29 みたいだ
60 41 5 0 21 30 みたいだ
9 41 5 0 21 31 みたいだ
73 41 5 0 21 32 みたいだ
74 41 5 0 21 33 みたいだ
85 8 14 2 0 0 率
85 8 14 2 0 0 数
85 8 14 2 0 0 なし
85 8 14 2 0 0 どころ
85 8 14 2 0 0 ごと
85 8 14 2 0 0 側
85 8 14 2 0 0 用
85 8 14 2 0 0 作り
85 8 14 2 0 0 づくり
85 8 14 2 0 0 型
85 8 14 2 0 0 さん
186 155 999 0 0 0 にも
186 156 999 0 0 0 もの
186 157 999 0 0 0 やに
186 157 999 0 0 0 やも
187 158 999 0 0 0 のに
186 159 999 0 0 0 へんで
186 158 999 0 3 1 おいく
186 158 999 0 3 2 おいく
186 158 999 0 3 3 おいく
186 158 999 0 3 4 おいく
186 158 999 0 3 5 おいく
186 158 999 0 3 6 おいく
186 160 999 0 3 7 おいく
186 158 999 0 3 8 おいく
186 158 999 0 3 9 おいく
186 158 999 0 3 10 おいく
186 158 999 0 3 11 おいく
186 158 999 0 3 12 おいく
186 158 999 0 3 13 おいく
186 158 999 0 3 14 おいく
186 158 999 0 1 1 おくれる
186 158 999 0 1 2 おくれる
186 158 999 0 1 3 おくれる
186 158 999 0 1 4 おくれる
186 158 999 0 1 5 おくれる
186 158 999 0 1 6 おくれる
186 160 999 0 1 7 おくれる
186 158 999 0 1 8 おくれる
186 158 999 0 1 9 おくれる
186 158 999 0 1 10 おくれる
186 158 999 0 1 11 おくれる
186 158 999 0 1 12 おくれる
186 158 999 0 1 13 おくれる
186 158 999 0 1 14 おくれる
186 158 999 0 1 15 おくれる
186 158 999 0 12 1 おもらう
186 158 999 0 12 2 おもらう
186 158 999 0 12 3 おもらう
186 158 999 0 12 4 おもらう
186 158 999 0 12 5 おもらう
186 158 999 0 12 6 おもらう
186 160 999 0 12 7 おもらう
186 158 999 0 12 8 おもらう
186 158 999 0 12 9 おもらう
186 158 999 0 12 10 おもらう
186 158 999 0 12 11 おもらう
186 158 999 0 12 12 おもらう
186 158 999 0 12 13 おもらう
186 158 999 0 12 14 おもらう
186 158 999 0 12 1 おしまう
186 158 999 0 12 2 おしまう
186 158 999 0 12 3 おしまう
186 158 999 0 12 4 おしまう
186 158 999 0 12 5 おしまう
186 158 999 0 12 6 おしまう
186 160 999 0 12 7 おしまう
186 158 999 0 12 8 おしまう
186 158 999 0 12 9 おしまう
186 158 999 0 12 10 おしまう
186 158 999 0 12 11 おしまう
186 158 999 0 12 12 おしまう
186 158 999 0 12 13 おしまう
186 158 999 0 12 14 おしまう
186 160 999 0 1 1 はいる
186 160 999 0 1 2 はいる
186 160 999 0 1 3 はいる
186 160 999 0 1 4 はいる
186 160 999 0 1 5 はいる
186 160 999 0 1 6 はいる
186 160 999 0 1 7 はいる
186 160 999 0 1 8 はいる
186 160 999 0 1 9 はいる
186 160 999 0 1 10 はいる
186 160 999 0 1 11 はいる
186 160 999 0 1 12 はいる
186 160 999 0 1 13 はいる
186 160 999 0 1 14 はいる
186 160 999 0 1 15 はいる
186 160 999 0 1 1 もいる
186 160 999 0 1 2 もいる
186 160 999 0 1 3 もいる
186 160 999 0 1 4 もいる
186 160 999 0 1 5 もいる
186 160 999 0 1 6 もいる
186 160 999 0 1 7 もいる
186 160 999 0 1 8 もいる
186 160 999 0 1 9 もいる
186 160 999 0 1 10 もいる
186 160 999 0 1 11 もいる
186 160 999 0 1 12 もいる
186 160 999 0 1 13 もいる
186 160 999 0 1 14 もいる
186 160 999 0 1 15 もいる
186 160 999 0 1 1 すらいる
186 160 999 0 1 2 すらいる
186 160 999 0 1 3 すらいる
186 160 999 0 1 4 すらいる
186 160 999 0 1 5 すらいる
186 160 999 0 1 6 すらいる
186 160 999 0 1 7 すらいる
186 160 999 0 1 8 すらいる
186 160 999 0 1 9 すらいる
186 160 999 0 1 10 すらいる
186 160 999 0 1 11 すらいる
186 160 999 0 1 12 すらいる
186 160 999 0 1 13 すらいる
186 160 999 0 1 14 すらいる
186 160 999 0 1 15 すらいる
186 160 999 0 1 1 さえいる
186 160 999 0 1 2 さえいる
186 160 999 0 1 3 さえいる
186 160 999 0 1 4 さえいる
186 160 999 0 1 5 さえいる
186 160 999 0 1 6 さえいる
186 160 999 0 1 7 さえいる
186 160 999 0 1 8 さえいる
186 160 999 0 1 9 さえいる
186 160 999 0 1 10 さえいる
186 160 999 0 1 11 さえいる
186 160 999 0 1 12 さえいる
186 160 999 0 1 13 さえいる
186 160 999 0 1 14 さえいる
186 160 999 0 1 15 さえいる
186 160 999 0 1 1 はみる
186 160 999 0 1 2 はみる
186 160 999 0 1 3 はみる
186 160 999 0 1 4 はみる
186 160 999 0 1 5 はみる
186 160 999 0 1 6 はみる
186 160 999 0 1 7 はみる
186 160 999 0 1 8 はみる
186 160 999 0 1 9 はみる
186 160 999 0 1 10 はみる
186 160 999 0 1 11 はみる
186 160 999 0 1 12 はみる
186 160 999 0 1 13 はみる
186 160 999 0 1 14 はみる
186 160 999 0 1 15 はみる
186 160 999 0 1 1 もみる
186 160 999 0 1 2 もみる
186 160 999 0 1 3 もみる
186 160 999 0 1 4 もみる
186 160 999 0 1 5 もみる
186 160 999 0 1 6 もみる
186 160 999 0 1 7 もみる
186 160 999 0 1 8 もみる
186 160 999 0 1 9 もみる
186 160 999 0 1 10 もみる
186 160 999 0 1 11 もみる
186 160 999 0 1 12 もみる
186 160 999 0 1 13 もみる
186 160 999 0 1 14 もみる
186 160 999 0 1 15 もみる
186 160 999 0 1 1 すらみる
186 160 999 0 1 2 すらみる
186 160 999 0 1 3 すらみる
186 160 999 0 1 4 すらみる
186 160 999 0 1 5 すらみる
186 160 999 0 1 6 すらみる
186 160 999 0 1 7 すらみる
186 160 999 0 1 8 すらみる
186 160 999 0 1 9 すらみる
186 160 999 0 1 10 すらみる
186 160 999 0 1 11 すらみる
186 160 999 0 1 12 すらみる
186 160 999 0 1 13 すらみる
186 160 999 0 1 14 すらみる
186 160 999 0 1 15 すらみる
186 160 999 0 1 1 さえみる
186 160 999 0 1 2 さえみる
186 160 999 0 1 3 さえみる
186 160 999 0 1 4 さえみる
186 160 999 0 1 5 さえみる
186 160 999 0 1 6 さえみる
186 160 999 0 1 7 さえみる
186 160 999 0 1 8 さえみる
186 160 999 0 1 9 さえみる
186 160 999 0 1 10 さえみる
186 160 999 0 1 11 さえみる
186 160 999 0 1 12 さえみる
186 160 999 0 1 13 さえみる
186 160 999 0 1 14 さえみる
186 160 999 0 1 15 さえみる
186 160 999 0 14 1 はくる
186 160 999 0 14 2 はくる
186 160 999 0 14 3 はくる
186 160 999 0 14 4 はくる
186 160 999 0 14 5 はくる
186 160 999 0 14 6 はくる
186 160 999 0 14 7 はくる
186 160 999 0 14 8 はくる
186 160 999 0 14 9 はくる
186 160 999 0 14 10 はくる
186 160 999 0 14 11 はくる
186 160 999 0 14 12 はくる
186 160 999 0 14 13 はくる
186 160 999 0 14 14 はくる
186 160 999 0 14 1 もくる
186 160 999 0 14 2 もくる
186 160 999 0 14 3 もくる
186 160 999 0 14 4 もくる
186 160 999 0 14 5 もくる
186 160 999 0 14 6 もくる
186 160 999 0 14 7 もくる
186 160 999 0 14 8 もくる
186 160 999 0 14 9 もくる
186 160 999 0 14 10 もくる
186 160 999 0 14 11 もくる
186 160 999 0 14 12 もくる
186 160 999 0 14 13 もくる
186 160 999 0 14 14 もくる
186 160 999 0 14 1 すらくる
186 160 999 0 14 2 すらくる
186 160 999 0 14 3 すらくる
186 160 999 0 14 4 すらくる
186 160 999 0 14 5 すらくる
186 160 999 0 14 6 すらくる
186 160 999 0 14 7 すらくる
186 160 999 0 14 8 すらくる
186 160 999 0 14 9 すらくる
186 160 999 0 14 10 すらくる
186 160 999 0 14 11 すらくる
186 160 999 0 14 12 すらくる
186 160 999 0 14 13 すらくる
186 160 999 0 14 14 すらくる
186 160 999 0 14 1 さえくる
186 160 999 0 14 2 さえくる
186 160 999 0 14 3 さえくる
186 160 999 0 14 4 さえくる
186 160 999 0 14 5 さえくる
186 160 999 0 14 6 さえくる
186 160 999 0 14 7 さえくる
186 160 999 0 14 8 さえくる
186 160 999 0 14 9 さえくる
186 160 999 0 14 10 さえくる
186 160 999 0 14 11 さえくる
186 160 999 0 14 12 さえくる
186 160 999 0 14 13 さえくる
186 160 999 0 14 14 さえくる
186 160 999 0 2 1 はおく
186 160 999 0 2 2 はおく
186 160 999 0 2 3 はおく
186 160 999 0 2 4 はおく
186 160 999 0 2 5 はおく
186 160 999 0 2 6 はおく
186 160 999 0 2 7 はおく
186 160 999 0 2 8 はおく
186 160 999 0 2 9 はおく
186 160 999 0 2 10 はおく
186 160 999 0 2 11 はおく
186 160 999 0 2 12 はおく
186 160 999 0 2 13 はおく
186 160 999 0 2 14 はおく
186 160 999 0 2 1 もおく
186 160 999 0 2 2 もおく
186 160 999 0 2 3 もおく
186 160 999 0 2 4 もおく
186 160 999 0 2 5 もおく
186 160 999 0 2 6 もおく
186 160 999 0 2 7 もおく
186 160 999 0 2 8 もおく
186 160 999 0 2 9 もおく
186 160 999 0 2 10 もおく
186 160 999 0 2 11 もおく
186 160 999 0 2 12 もおく
186 160 999 0 2 13 もおく
186 160 999 0 2 14 もおく
186 160 999 0 2 1 すらおく
186 160 999 0 2 2 すらおく
186 160 999 0 2 3 すらおく
186 160 999 0 2 4 すらおく
186 160 999 0 2 5 すらおく
186 160 999 0 2 6 すらおく
186 160 999 0 2 7 すらおく
186 160 999 0 2 8 すらおく
186 160 999 0 2 9 すらおく
186 160 999 0 2 10 すらおく
186 160 999 0 2 11 すらおく
186 160 999 0 2 12 すらおく
186 160 999 0 2 13 すらおく
186 160 999 0 2 14 すらおく
186 160 999 0 2 1 さえおく
186 160 999 0 2 2 さえおく
186 160 999 0 2 3 さえおく
186 160 999 0 2 4 さえおく
186 160 999 0 2 5 さえおく
186 160 999 0 2 6 さえおく
186 160 999 0 2 7 さえおく
186 160 999 0 2 8 さえおく
186 160 999 0 2 9 さえおく
186 160 999 0 2 10 さえおく
186 160 999 0 2 11 さえおく
186 160 999 0 2 12 さえおく
186 160 999 0 2 13 さえおく
186 160 999 0 2 14 さえおく
186 160 999 0 10 1 はおる
186 160 999 0 10 2 はおる
186 160 999 0 10 3 はおる
186 160 999 0 10 4 はおる
186 160 999 0 10 5 はおる
186 160 999 0 10 6 はおる
186 160 999 0 10 7 はおる
186 160 999 0 10 8 はおる
186 160 999 0 10 9 はおる
186 160 999 0 10 10 はおる
186 160 999 0 10 11 はおる
186 160 999 0 10 12 はおる
186 160 999 0 10 13 はおる
186 160 999 0 10 14 はおる
186 160 999 0 10 1 もおる
186 160 999 0 10 2 もおる
186 160 999 0 10 3 もおる
186 160 999 0 10 4 もおる
186 160 999 0 10 5 もおる
186 160 999 0 10 6 もおる
186 160 999 0 10 7 もおる
186 160 999 0 10 8 もおる
186 160 999 0 10 9 もおる
186 160 999 0 10 10 もおる
186 160 999 0 10 11 もおる
186 160 999 0 10 12 もおる
186 160 999 0 10 13 もおる
186 160 999 0 10 14 もおる
186 160 999 0 10 1 すらおる
186 160 999 0 10 2 すらおる
186 160 999 0 10 3 すらおる
186 160 999 0 10 4 すらおる
186 160 999 0 10 5 すらおる
186 160 999 0 10 6 すらおる
186 160 999 0 10 7 すらおる
186 160 999 0 10 8 すらおる
186 160 999 0 10 9 すらおる
186 160 999 0 10 10 すらおる
186 160 999 0 10 11 すらおる
186 160 999 0 10 12 すらおる
186 160 999 0 10 13 すらおる
186 160 999 0 10 14 すらおる
186 160 999 0 10 1 さえおる
186 160 999 0 10 2 さえおる
186 160 999 0 10 3 さえおる
186 160 999 0 10 4 さえおる
186 160 999 0 10 5 さえおる
186 160 999 0 10 6 さえおる
186 160 999 0 10 7 さえおる
186 160 999 0 10 8 さえおる
186 160 999 0 10 9 さえおる
186 160 999 0 10 10 さえおる
186 160 999 0 10 11 さえおる
186 160 999 0 10 12 さえおる
186 160 999 0 10 13 さえおる
186 160 999 0 10 14 さえおる
186 160 999 0 3 1 はいく
186 160 999 0 3 2 はいく
186 160 999 0 3 3 はいく
186 160 999 0 3 4 はいく
186 160 999 0 3 5 はいく
186 160 999 0 3 6 はいく
186 160 999 0 3 7 はいく
186 160 999 0 3 8 はいく
186 160 999 0 3 9 はいく
186 160 999 0 3 10 はいく
186 160 999 0 3 11 はいく
186 160 999 0 3 12 はいく
186 160 999 0 3 13 はいく
186 160 999 0 3 14 はいく
186 160 999 0 3 1 もいく
186 160 999 0 3 2 もいく
186 160 999 0 3 3 もいく
186 160 999 0 3 4 もいく
186 160 999 0 3 5 もいく
186 160 999 0 3 6 もいく
186 160 999 0 3 7 もいく
186 160 999 0 3 8 もいく
186 160 999 0 3 9 もいく
186 160 999 0 3 10 もいく
186 160 999 0 3 11 もいく
186 160 999 0 3 12 もいく
186 160 999 0 3 13 もいく
186 160 999 0 3 14 もいく
186 160 999 0 3 1 すらいく
186 160 999 0 3 2 すらいく
186 160 999 0 3 3 すらいく
186 160 999 0 3 4 すらいく
186 160 999 0 3 5 すらいく
186 160 999 0 3 6 すらいく
186 160 999 0 3 7 すらいく
186 160 999 0 3 8 すらいく
186 160 999 0 3 9 すらいく
186 160 999 0 3 10 すらいく
186 160 999 0 3 11 すらいく
186 160 999 0 3 12 すらいく
186 160 999 0 3 13 すらいく
186 160 999 0 3 14 すらいく
186 160 999 0 3 1 さえいく
186 160 999 0 3 2 さえいく
186 160 999 0 3 3 さえいく
186 160 999 0 3 4 さえいく
186 160 999 0 3 5 さえいく
186 160 999 0 3 6 さえいく
186 160 999 0 3 7 さえいく
186 160 999 0 3 8 さえいく
186 160 999 0 3 9 さえいく
186 160 999 0 3 10 さえいく
186 160 999 0 3 11 さえいく
186 160 999 0 3 12 さえいく
186 160 999 0 3 13 さえいく
186 160 999 0 3 14 さえいく
186 160 999 0 1 1 はくれる
186 160 999 0 1 2 はくれる
186 160 999 0 1 3 はくれる
186 160 999 0 1 4 はくれる
186 160 999 0 1 5 はくれる
186 160 999 0 1 6 はくれる
186 160 999 0 1 7 はくれる
186 160 999 0 1 8 はくれる
186 160 999 0 1 9 はくれる
186 160 999 0 1 10 はくれる
186 160 999 0 1 11 はくれる
186 160 999 0 1 12 はくれる
186 160 999 0 1 13 はくれる
186 160 999 0 1 14 はくれる
186 160 999 0 1 15 はくれる
186 160 999 0 1 1 もくれる
186 160 999 0 1 2 もくれる
186 160 999 0 1 3 もくれる
186 160 999 0 1 4 もくれる
186 160 999 0 1 5 もくれる
186 160 999 0 1 6 もくれる
186 160 999 0 1 7 もくれる
186 160 999 0 1 8 もくれる
186 160 999 0 1 9 もくれる
186 160 999 0 1 10 もくれる
186 160 999 0 1 11 もくれる
186 160 999 0 1 12 もくれる
186 160 999 0 1 13 もくれる
186 160 999 0 1 14 もくれる
186 160 999 0 1 15 もくれる
186 160 999 0 1 1 すらくれる
186 160 999 0 1 2 すらくれる
186 160 999 0 1 3 すらくれる
186 160 999 0 1 4 すらくれる
186 160 999 0 1 5 すらくれる
186 160 999 0 1 6 すらくれる
186 160 999 0 1 7 すらくれる
186 160 999 0 1 8 すらくれる
186 160 999 0 1 9 すらくれる
186 160 999 0 1 10 すらくれる
186 160 999 0 1 11 すらくれる
186 160 999 0 1 12 すらくれる
186 160 999 0 1 13 すらくれる
186 160 999 0 1 14 すらくれる
186 160 999 0 1 15 すらくれる
186 160 999 0 1 1 さえくれる
186 160 999 0 1 2 さえくれる
186 160 999 0 1 3 さえくれる
186 160 999 0 1 4 さえくれる
186 160 999 0 1 5 さえくれる
186 160 999 0 1 6 さえくれる
186 160 999 0 1 7 さえくれる
186 160 999 0 1 8 さえくれる
186 160 999 0 1 9 さえくれる
186 160 999 0 1 10 さえくれる
186 160 999 0 1 11 さえくれる
186 160 999 0 1 12 さえくれる
186 160 999 0 1 13 さえくれる
186 160 999 0 1 14 さえくれる
186 160 999 0 1 15 さえくれる
186 160 999 0 12 1 はもらう
186 160 999 0 12 2 はもらう
186 160 999 0 12 3 はもらう
186 160 999 0 12 4 はもらう
186 160 999 0 12 5 はもらう
186 160 999 0 12 6 はもらう
186 160 999 0 12 7 はもらう
186 160 999 0 12 8 はもらう
186 160 999 0 12 9 はもらう
186 160 999 0 12 10 はもらう
186 160 999 0 12 11 はもらう
186 160 999 0 12 12 はもらう
186 160 999 0 12 13 はもらう
186 160 999 0 12 14 はもらう
186 160 999 0 12 1 ももらう
186 160 999 0 12 2 ももらう
186 160 999 0 12 3 ももらう
186 160 999 0 12 4 ももらう
186 160 999 0 12 5 ももらう
186 160 999 0 12 6 ももらう
186 160 999 0 12 7 ももらう
186 160 999 0 12 8 ももらう
186 160 999 0 12 9 ももらう
186 160 999 0 12 10 ももらう
186 160 999 0 12 11 ももらう
186 160 999 0 12 12 ももらう
186 160 999 0 12 13 ももらう
186 160 999 0 12 14 ももらう
186 160 999 0 12 1 すらもらう
186 160 999 0 12 2 すらもらう
186 160 999 0 12 3 すらもらう
186 160 999 0 12 4 すらもらう
186 160 999 0 12 5 すらもらう
186 160 999 0 12 6 すらもらう
186 160 999 0 12 7 すらもらう
186 160 999 0 12 8 すらもらう
186 160 999 0 12 9 すらもらう
186 160 999 0 12 10 すらもらう
186 160 999 0 12 11 すらもらう
186 160 999 0 12 12 すらもらう
186 160 999 0 12 13 すらもらう
186 160 999 0 12 14 すらもらう
186 160 999 0 12 1 さえもらう
186 160 999 0 12 2 さえもらう
186 160 999 0 12 3 さえもらう
186 160 999 0 12 4 さえもらう
186 160 999 0 12 5 さえもらう
186 160 999 0 12 6 さえもらう
186 160 999 0 12 7 さえもらう
186 160 999 0 12 8 さえもらう
186 160 999 0 12 9 さえもらう
186 160 999 0 12 10 さえもらう
186 160 999 0 12 11 さえもらう
186 160 999 0 12 12 さえもらう
186 160 999 0 12 13 さえもらう
186 160 999 0 12 14 さえもらう
186 161 999 0 16 1 はする
186 161 999 0 16 2 はする
186 161 999 0 16 3 はする
186 161 999 0 16 4 はする
186 161 999 0 16 5 はする
186 161 999 0 16 6 はする
186 161 999 0 16 7 はする
186 161 999 0 16 8 はする
186 161 999 0 16 9 はする
186 161 999 0 16 10 はする
186 161 999 0 16 11 はする
186 161 999 0 16 12 はする
186 161 999 0 16 13 はする
186 161 999 0 16 14 はする
186 161 999 0 16 15 はする
186 161 999 0 16 16 はする
186 161 999 0 16 17 はする
186 161 999 0 16 1 もする
186 161 999 0 16 2 もする
186 161 999 0 16 3 もする
186 161 999 0 16 4 もする
186 161 999 0 16 5 もする
186 161 999 0 16 6 もする
186 161 999 0 16 7 もする
186 161 999 0 16 8 もする
186 161 999 0 16 9 もする
186 161 999 0 16 10 もする
186 161 999 0 16 11 もする
186 161 999 0 16 12 もする
186 161 999 0 16 13 もする
186 161 999 0 16 14 もする
186 161 999 0 16 15 もする
186 161 999 0 16 16 もする
186 161 999 0 16 17 もする
186 161 999 0 16 1 すらする
186 161 999 0 16 2 すらする
186 161 999 0 16 3 すらする
186 161 999 0 16 4 すらする
186 161 999 0 16 5 すらする
186 161 999 0 16 6 すらする
186 161 999 0 16 7 すらする
186 161 999 0 16 8 すらする
186 161 999 0 16 9 すらする
186 161 999 0 16 10 すらする
186 161 999 0 16 11 すらする
186 161 999 0 16 12 すらする
186 161 999 0 16 13 すらする
186 161 999 0 16 14 すらする
186 161 999 0 16 15 すらする
186 161 999 0 16 16 すらする
186 161 999 0 16 17 すらする
186 161 999 0 16 1 さえする
186 161 999 0 16 2 さえする
186 161 999 0 16 3 さえする
186 161 999 0 16 4 さえする
186 161 999 0 16 5 さえする
186 161 999 0 16 6 さえする
186 161 999 0 16 7 さえする
186 161 999 0 16 8 さえする
186 161 999 0 16 9 さえする
186 161 999 0 16 10 さえする
186 161 999 0 16 11 さえする
186 161 999 0 16 12 さえする
186 161 999 0 16 13 さえする
186 161 999 0 16 14 さえする
186 161 999 0 16 15 さえする
186 161 999 0 16 16 さえする
186 161 999 0 16 17 さえする
186 162 999 0 10 1 はなる
186 162 999 0 10 2 はなる
186 162 999 0 10 3 はなる
186 162 999 0 10 4 はなる
186 162 999 0 10 5 はなる
186 162 999 0 10 6 はなる
186 162 999 0 10 7 はなる
186 162 999 0 10 8 はなる
186 162 999 0 10 9 はなる
186 162 999 0 10 10 はなる
186 162 999 0 10 11 はなる
186 162 999 0 10 12 はなる
186 162 999 0 10 13 はなる
186 162 999 0 10 14 はなる
186 162 999 0 10 1 もなる
186 162 999 0 10 2 もなる
186 162 999 0 10 3 もなる
186 162 999 0 10 4 もなる
186 162 999 0 10 5 もなる
186 162 999 0 10 6 もなる
186 162 999 0 10 7 もなる
186 162 999 0 10 8 もなる
186 162 999 0 10 9 もなる
186 162 999 0 10 10 もなる
186 162 999 0 10 11 もなる
186 162 999 0 10 12 もなる
186 162 999 0 10 13 もなる
186 162 999 0 10 14 もなる
186 162 999 0 10 1 すらなる
186 162 999 0 10 2 すらなる
186 162 999 0 10 3 すらなる
186 162 999 0 10 4 すらなる
186 162 999 0 10 5 すらなる
186 162 999 0 10 6 すらなる
186 162 999 0 10 7 すらなる
186 162 999 0 10 8 すらなる
186 162 999 0 10 9 すらなる
186 162 999 0 10 10 すらなる
186 162 999 0 10 11 すらなる
186 162 999 0 10 12 すらなる
186 162 999 0 10 13 すらなる
186 162 999 0 10 14 すらなる
186 162 999 0 10 1 さえなる
186 162 999 0 10 2 さえなる
186 162 999 0 10 3 さえなる
186 162 999 0 10 4 さえなる
186 162 999 0 10 5 さえなる
186 162 999 0 10 6 さえなる
186 162 999 0 10 7 さえなる
186 162 999 0 10 8 さえなる
186 162 999 0 10 9 さえなる
186 162 999 0 10 10 さえなる
186 162 999 0 10 11 さえなる
186 162 999 0 10 12 さえなる
186 162 999 0 10 13 さえなる
186 162 999 0 10 14 さえなる
186 163 999 0 18 1 はない
186 163 999 0 18 2 はない
186 163 999 0 18 3 はない
186 163 999 0 18 4 はない
186 163 999 0 18 5 はない
186 163 999 0 18 6 はない
186 163 999 0 18 7 はない
186 163 999 0 18 8 はない
186 163 999 0 18 9 はない
186 163 999 0 18 10 はない
186 163 999 0 18 11 はない
186 163 999 0 18 12 はない
186 163 999 0 18 13 はない
186 163 999 0 18 14 はない
186 163 999 0 18 15 はない
186 163 999 0 18 16 はない
186 163 999 0 18 17 はない
186 163 999 0 18 18 はない
186 163 999 0 18 19 はない
186 163 999 0 18 20 はない
186 163 999 0 18 1 もない
186 163 999 0 18 2 もない
186 163 999 0 18 3 もない
186 163 999 0 18 4 もない
186 163 999 0 18 5 もない
186 163 999 0 18 6 もない
186 163 999 0 18 7 もない
186 163 999 0 18 8 もない
186 163 999 0 18 9 もない
186 163 999 0 18 10 もない
186 163 999 0 18 11 もない
186 163 999 0 18 12 もない
186 163 999 0 18 13 もない
186 163 999 0 18 14 もない
186 163 999 0 18 15 もない
186 163 999 0 18 16 もない
186 163 999 0 18 17 もない
186 163 999 0 18 18 もない
186 163 999 0 18 19 もない
186 163 999 0 18 20 もない
186 163 999 0 18 1 すらない
186 163 999 0 18 2 すらない
186 163 999 0 18 3 すらない
186 163 999 0 18 4 すらない
186 163 999 0 18 5 すらない
186 163 999 0 18 6 すらない
186 163 999 0 18 7 すらない
186 163 999 0 18 8 すらない
186 163 999 0 18 9 すらない
186 163 999 0 18 10 すらない
186 163 999 0 18 11 すらない
186 163 999 0 18 12 すらない
186 163 999 0 18 13 すらない
186 163 999 0 18 14 すらない
186 163 999 0 18 15 すらない
186 163 999 0 18 16 すらない
186 163 999 0 18 17 すらない
186 163 999 0 18 18 すらない
186 163 999 0 18 19 すらない
186 163 999 0 18 20 すらない
186 163 999 0 18 1 さえない
186 163 999 0 18 2 さえない
186 163 999 0 18 3 さえない
186 163 999 0 18 4 さえない
186 163 999 0 18 5 さえない
186 163 999 0 18 6 さえない
186 163 999 0 18 7 さえない
186 163 999 0 18 8 さえない
186 163 999 0 18 9 さえない
186 163 999 0 18 10 さえない
186 163 999 0 18 11 さえない
186 163 999 0 18 12 さえない
186 163 999 0 18 13 さえない
186 163 999 0 18 14 さえない
186 163 999 0 18 15 さえない
186 163 999 0 18 16 さえない
186 163 999 0 18 17 さえない
186 163 999 0 18 18 さえない
186 163 999 0 18 19 さえない
186 163 999 0 18 20 さえない
186 164 999 0 10 1 はある
186 164 999 0 10 2 はある
186 164 999 0 10 3 はある
186 164 999 0 10 4 はある
186 164 999 0 10 5 はある
186 164 999 0 10 6 はある
186 164 999 0 10 7 はある
186 164 999 0 10 8 はある
186 164 999 0 10 9 はある
186 164 999 0 10 10 はある
186 164 999 0 10 11 はある
186 164 999 0 10 12 はある
186 164 999 0 10 13 はある
186 164 999 0 10 14 はある
186 164 999 0 10 1 もある
186 164 999 0 10 2 もある
186 164 999 0 10 3 もある
186 164 999 0 10 4 もある
186 164 999 0 10 5 もある
186 164 999 0 10 6 もある
186 164 999 0 10 7 もある
186 164 999 0 10 8 もある
186 164 999 0 10 9 もある
186 164 999 0 10 10 もある
186 164 999 0 10 11 もある
186 164 999 0 10 12 もある
186 164 999 0 10 13 もある
186 164 999 0 10 14 もある
186 164 999 0 10 1 すらある
186 164 999 0 10 2 すらある
186 164 999 0 10 3 すらある
186 164 999 0 10 4 すらある
186 164 999 0 10 5 すらある
186 164 999 0 10 6 すらある
186 164 999 0 10 7 すらある
186 164 999 0 10 8 すらある
186 164 999 0 10 9 すらある
186 164 999 0 10 10 すらある
186 164 999 0 10 11 すらある
186 164 999 0 10 12 すらある
186 164 999 0 10 13 すらある
186 164 999 0 10 14 すらある
186 164 999 0 10 1 さえある
186 164 999 0 10 2 さえある
186 164 999 0 10 3 さえある
186 164 999 0 10 4 さえある
186 164 999 0 10 5 さえある
186 164 999 0 10 6 さえある
186 164 999 0 10 7 さえある
186 164 999 0 10 8 さえある
186 164 999 0 10 9 さえある
186 164 999 0 10 10 さえある
186 164 999 0 10 11 さえある
186 164 999 0 10 12 さえある
186 164 999 0 10 13 さえある
186 164 999 0 10 14 さえある
186 165 999 0 18 1 ではない
186 165 999 0 18 2 ではない
186 165 999 0 18 3 ではない
186 165 999 0 18 4 ではない
186 165 999 0 18 5 ではない
186 165 999 0 18 6 ではない
186 165 999 0 18 7 ではない
186 165 999 0 18 8 ではない
186 165 999 0 18 9 ではない
186 165 999 0 18 10 ではない
186 165 999 0 18 11 ではない
186 165 999 0 18 12 ではない
186 165 999 0 18 13 ではない
186 165 999 0 18 14 ではない
186 165 999 0 18 15 ではない
186 165 999 0 18 16 ではない
186 165 999 0 18 17 ではない
186 165 999 0 18 18 ではない
186 165 999 0 18 19 ではない
186 165 999 0 18 20 ではない
186 165 999 0 18 1 じゃない
186 165 999 0 18 2 じゃない
186 165 999 0 18 3 じゃない
186 165 999 0 18 4 じゃない
186 165 999 0 18 5 じゃない
186 165 999 0 18 6 じゃない
186 165 999 0 18 7 じゃない
186 165 999 0 18 8 じゃない
186 165 999 0 18 9 じゃない
186 165 999 0 18 10 じゃない
186 165 999 0 18 11 じゃない
186 165 999 0 18 12 じゃない
186 165 999 0 18 13 じゃない
186 165 999 0 18 14 じゃない
186 165 999 0 18 15 じゃない
186 165 999 0 18 16 じゃない
186 165 999 0 18 17 じゃない
186 165 999 0 18 18 じゃない
186 165 999 0 18 19 じゃない
186 165 999 0 18 20 じゃない
186 165 999 0 18 1 でもない
186 165 999 0 18 2 でもない
186 165 999 0 18 3 でもない
186 165 999 0 18 4 でもない
186 165 999 0 18 5 でもない
186 165 999 0 18 6 でもない
186 165 999 0 18 7 でもない
186 165 999 0 18 8 でもない
186 165 999 0 18 9 でもない
186 165 999 0 18 10 でもない
186 165 999 0 18 11 でもない
186 165 999 0 18 12 でもない
186 165 999 0 18 13 でもない
186 165 999 0 18 14 でもない
186 165 999 0 18 15 でもない
186 165 999 0 18 16 でもない
186 165 999 0 18 17 でもない
186 165 999 0 18 18 でもない
186 165 999 0 18 19 でもない
186 165 999 0 18 20 でもない
186 158 999 0 12 1 とはいえ
186 158 999 0 12 2 とはいえ
186 158 999 0 12 3 とはいえ
186 158 999 0 12 4 とはいえ
188 158 999 0 12 5 とはいえ
186 158 999 0 12 6 とはいえ
186 158 999 0 12 7 とはいえ
186 158 999 0 12 8 とはいえ
186 158 999 0 12 9 とはいえ
186 158 999 0 12 10 とはいえ
186 158 999 0 12 11 とはいえ
186 158 999 0 12 12 とはいえ
186 158 999 0 12 13 とはいえ
186 158 999 0 12 14 とはいえ
186 166 999 0 18 1 ならない
186 166 999 0 18 2 ならない
186 166 999 0 18 3 ならない
186 166 999 0 18 4 ならない
186 166 999 0 18 5 ならない
186 166 999 0 18 6 ならない
186 166 999 0 18 7 ならない
186 166 999 0 18 8 ならない
186 166 999 0 18 9 ならない
186 166 999 0 18 10 ならない
186 166 999 0 18 11 ならない
186 166 999 0 18 12 ならない
186 166 999 0 18 13 ならない
186 166 999 0 18 14 ならない
186 166 999 0 18 15 ならない
186 166 999 0 18 16 ならない
186 166 999 0 18 17 ならない
186 166 999 0 18 18 ならない
186 166 999 0 18 19 ならない
186 166 999 0 18 20 ならない
186 167 999 0 18 1 しようがない
186 167 999 0 18 2 しようがない
186 167 999 0 18 3 しようがない
186 167 999 0 18 4 しようがない
186 167 999 0 18 5 しようがない
186 167 999 0 18 6 しようがない
186 167 999 0 18 7 しようがない
186 167 999 0 18 8 しようがない
186 167 999 0 18 9 しようがない
186 167 999 0 18 10 しようがない
186 167 999 0 18 11 しようがない
186 167 999 0 18 12 しようがない
186 167 999 0 18 13 しようがない
186 167 999 0 18 14 しようがない
186 167 999 0 18 15 しようがない
186 167 999 0 18 16 しようがない
186 167 999 0 18 17 しようがない
186 167 999 0 18 18 しようがない
186 167 999 0 18 19 しようがない
186 167 999 0 18 20 しようがない
17 86 1 0 0 0 *
189 168 1 1 0 0 *
190 169 1 2 0 0 *
191 170 1 3 0 0 *
192 171 1 4 0 0 *
193 172 1 5 0 0 *
194 173 1 6 0 0 *
17 140 2 0 1 1 *
18 140 2 0 1 2 *
80 141 2 0 1 3 *
20 140 2 0 1 4 *
3 140 2 0 1 5 *
5 140 2 0 1 6 *
81 142 2 0 1 7 *
23 140 2 0 1 8 *
8 140 2 0 1 9 *
9 140 2 0 1 10 *
24 140 2 0 1 11 *
11 140 2 0 1 12 *
25 140 2 0 1 13 *
5 140 2 0 1 14 *
3 140 2 0 1 15 *
17 140 2 0 2 1 *
18 140 2 0 2 2 *
19 141 2 0 2 3 *
20 140 2 0 2 4 *
21 140 2 0 2 5 *
5 140 2 0 2 6 *
22 142 2 0 2 7 *
23 140 2 0 2 8 *
8 140 2 0 2 9 *
9 140 2 0 2 10 *
24 140 2 0 2 11 *
11 140 2 0 2 12 *
25 140 2 0 2 13 *
5 140 2 0 2 14 *
17 140 2 0 3 1 *
18 140 2 0 3 2 *
19 141 2 0 3 3 *
20 140 2 0 3 4 *
21 140 2 0 3 5 *
5 140 2 0 3 6 *
22 142 2 0 3 7 *
23 140 2 0 3 8 *
8 140 2 0 3 9 *
9 140 2 0 3 10 *
24 140 2 0 3 11 *
11 140 2 0 3 12 *
25 140 2 0 3 13 *
5 140 2 0 3 14 *
17 140 2 0 4 1 *
18 140 2 0 4 2 *
19 141 2 0 4 3 *
20 140 2 0 4 4 *
21 140 2 0 4 5 *
5 140 2 0 4 6 *
22 142 2 0 4 7 *
23 140 2 0 4 8 *
8 140 2 0 4 9 *
9 140 2 0 4 10 *
24 140 2 0 4 11 *
11 140 2 0 4 12 *
25 140 2 0 4 13 *
5 140 2 0 4 14 *
17 140 2 0 5 1 *
18 140 2 0 5 2 *
19 141 2 0 5 3 *
20 140 2 0 5 4 *
21 140 2 0 5 5 *
5 140 2 0 5 6 *
22 142 2 0 5 7 *
23 140 2 0 5 8 *
8 140 2 0 5 9 *
9 140 2 0 5 10 *
24 140 2 0 5 11 *
11 140 2 0 5 12 *
25 140 2 0 5 13 *
5 140 2 0 5 14 *
17 140 2 0 6 1 *
18 140 2 0 6 2 *
19 141 2 0 6 3 *
20 140 2 0 6 4 *
21 140 2 0 6 5 *
5 140 2 0 6 6 *
22 142 2 0 6 7 *
23 140 2 0 6 8 *
8 140 2 0 6 9 *
9 140 2 0 6 10 *
24 140 2 0 6 11 *
11 140 2 0 6 12 *
25 140 2 0 6 13 *
5 140 2 0 6 14 *
17 140 2 0 7 1 *
18 140 2 0 7 2 *
19 141 2 0 7 3 *
20 140 2 0 7 4 *
21 140 2 0 7 5 *
5 140 2 0 7 6 *
22 142 2 0 7 7 *
23 140 2 0 7 8 *
8 140 2 0 7 9 *
9 140 2 0 7 10 *
24 140 2 0 7 11 *
11 140 2 0 7 12 *
25 140 2 0 7 13 *
5 140 2 0 7 14 *
17 140 2 0 8 1 *
18 140 2 0 8 2 *
19 141 2 0 8 3 *
20 140 2 0 8 4 *
21 140 2 0 8 5 *
5 140 2 0 8 6 *
22 142 2 0 8 7 *
23 140 2 0 8 8 *
8 140 2 0 8 9 *
9 140 2 0 8 10 *
24 140 2 0 8 11 *
11 140 2 0 8 12 *
25 140 2 0 8 13 *
5 140 2 0 8 14 *
17 140 2 0 9 1 *
18 140 2 0 9 2 *
19 141 2 0 9 3 *
20 140 2 0 9 4 *
21 140 2 0 9 5 *
5 140 2 0 9 6 *
22 142 2 0 9 7 *
23 140 2 0 9 8 *
8 140 2 0 9 9 *
9 140 2 0 9 10 *
24 140 2 0 9 11 *
11 140 2 0 9 12 *
25 140 2 0 9 13 *
5 140 2 0 9 14 *
17 140 2 0 10 1 *
18 140 2 0 10 2 *
19 141 2 0 10 3 *
20 140 2 0 10 4 *
21 140 2 0 10 5 *
5 140 2 0 10 6 *
22 142 2 0 10 7 *
23 140 2 0 10 8 *
8 140 2 0 10 9 *
9 140 2 0 10 10 *
24 140 2 0 10 11 *
11 140 2 0 10 12 *
25 140 2 0 10 13 *
5 140 2 0 10 14 *
17 140 2 0 11 1 *
18 140 2 0 11 2 *
14 141 2 0 11 3 *
20 140 2 0 11 4 *
84 140 2 0 11 5 *
5 140 2 0 11 6 *
22 142 2 0 11 7 *
23 140 2 0 11 8 *
8 140 2 0 11 9 *
9 140 2 0 11 10 *
24 140 2 0 11 11 *
11 140 2 0 11 12 *
25 140 2 0 11 13 *
5 140 2 0 11 14 *
17 140 2 0 12 1 *
18 140 2 0 12 2 *
19 141 2 0 12 3 *
20 140 2 0 12 4 *
21 140 2 0 12 5 *
5 140 2 0 12 6 *
22 142 2 0 12 7 *
23 140 2 0 12 8 *
8 140 2 0 12 9 *
9 140 2 0 12 10 *
24 140 2 0 12 11 *
11 140 2 0 12 12 *
25 140 2 0 12 13 *
5 140 2 0 12 14 *
17 140 2 0 13 1 *
18 140 2 0 13 2 *
19 141 2 0 13 3 *
20 140 2 0 13 4 *
21 140 2 0 13 5 *
5 140 2 0 13 6 *
22 142 2 0 13 7 *
23 140 2 0 13 8 *
8 140 2 0 13 9 *
9 140 2 0 13 10 *
24 140 2 0 13 11 *
11 140 2 0 13 12 *
25 140 2 0 13 13 *
17 140 2 0 14 1 *
18 140 2 0 14 2 *
80 141 2 0 14 3 *
20 140 2 0 14 4 *
3 140 2 0 14 5 *
5 140 2 0 14 6 *
22 142 2 0 14 7 *
23 140 2 0 14 8 *
8 140 2 0 14 9 *
9 140 2 0 14 10 *
24 140 2 0 14 11 *
11 140 2 0 14 12 *
25 140 2 0 14 13 *
5 140 2 0 14 14 *
17 140 2 0 15 1 *
18 140 2 0 15 2 *
80 141 2 0 15 3 *
20 140 2 0 15 4 *
3 140 2 0 15 5 *
5 140 2 0 15 6 *
22 142 2 0 15 7 *
23 140 2 0 15 8 *
8 140 2 0 15 9 *
9 140 2 0 15 10 *
24 140 2 0 15 11 *
11 140 2 0 15 12 *
25 140 2 0 15 13 *
5 140 2 0 15 14 *
17 140 2 0 16 1 *
18 140 2 0 16 2 *
28 141 2 0 16 3 *
20 140 2 0 16 4 *
3 140 2 0 16 5 *
5 140 2 0 16 6 *
30 142 2 0 16 7 *
23 140 2 0 16 8 *
8 140 2 0 16 9 *
9 140 2 0 16 10 *
24 140 2 0 16 11 *
11 140 2 0 16 12 *
25 140 2 0 16 13 *
5 140 2 0 16 14 *
31 140 2 0 16 15 *
32 140 2 0 16 16 *
3 140 2 0 16 17 *
17 140 2 0 17 1 *
18 140 2 0 17 2 *
17 141 2 0 17 3 *
20 140 2 0 17 4 *
3 140 2 0 17 5 *
5 140 2 0 17 6 *
195 142 2 0 17 7 *
23 140 2 0 17 8 *
8 140 2 0 17 9 *
9 140 2 0 17 10 *
24 140 2 0 17 11 *
11 140 2 0 17 12 *
25 140 2 0 17 13 *
5 140 2 0 17 14 *
31 140 2 0 17 15 *
196 140 2 0 17 16 *
3 140 2 0 17 17 *
17 140 2 0 31 1 *
111 140 2 0 31 2 *
14 141 2 0 31 3 *
20 140 2 0 31 4 *
23 140 2 0 31 5 *
9 140 2 0 31 6 *
24 140 2 0 31 7 *
11 140 2 0 31 8 *
1 174 3 0 18 1 *
2 174 3 0 18 2 *
3 174 3 0 18 3 *
4 174 3 0 18 4 *
5 174 3 0 18 5 *
6 174 3 0 18 6 *
7 174 3 0 18 7 *
8 174 3 0 18 8 *
9 174 3 0 18 9 *
10 174 3 0 18 10 *
11 174 3 0 18 11 *
12 174 3 0 18 12 *
12 174 3 0 18 13 *
5 174 3 0 18 14 *
9 174 3 0 18 15 *
13 174 3 0 18 16 *
14 174 3 0 18 17 *
15 174 3 0 18 18 *
16 174 3 0 18 19 *
3 174 3 0 18 20 *
1 174 3 0 19 1 *
2 174 3 0 19 2 *
3 174 3 0 19 3 *
4 174 3 0 19 4 *
5 174 3 0 19 5 *
6 174 3 0 19 6 *
7 174 3 0 19 7 *
8 174 3 0 19 8 *
9 174 3 0 19 9 *
10 174 3 0 19 10 *
11 174 3 0 19 11 *
12 174 3 0 19 12 *
12 174 3 0 19 13 *
5 174 3 0 19 14 *
9 174 3 0 19 15 *
13 174 3 0 19 16 *
14 174 3 0 19 17 *
15 174 3 0 19 18 *
16 174 3 0 19 19 *
3 174 3 0 19 20 *
1 174 3 0 20 1 *
2 174 3 0 20 2 *
3 174 3 0 20 3 *
4 174 3 0 20 4 *
5 174 3 0 20 5 *
6 174 3 0 20 6 *
7 174 3 0 20 7 *
8 174 3 0 20 8 *
9 174 3 0 20 9 *
10 174 3 0 20 10 *
11 174 3 0 20 11 *
12 174 3 0 20 12 *
12 174 3 0 20 13 *
5 174 3 0 20 14 *
9 174 3 0 20 15 *
13 174 3 0 20 16 *
14 174 3 0 20 17 *
15 174 3 0 20 18 *
16 174 3 0 20 19 *
3 174 3 0 20 20 *
82 175 3 0 21 1 *
58 176 3 0 21 2 *
3 176 3 0 21 3 *
59 176 3 0 21 4 *
60 176 3 0 21 5 *
5 176 3 0 21 6 *
61 176 3 0 21 7 *
62 176 3 0 21 8 *
60 176 3 0 21 9 *
9 176 3 0 21 10 *
63 176 3 0 21 11 *
64 176 3 0 21 12 *
65 176 3 0 21 13 *
16 176 3 0 21 14 *
5 176 3 0 21 15 *
66 176 3 0 21 16 *
29 176 3 0 21 17 *
60 176 3 0 21 18 *
5 176 3 0 21 19 *
67 176 3 0 21 20 *
68 176 3 0 21 21 *
60 176 3 0 21 22 *
9 176 3 0 21 23 *
69 176 3 0 21 24 *
64 176 3 0 21 25 *
70 176 3 0 21 26 *
60 176 3 0 21 27 *
71 176 3 0 21 28 *
72 176 3 0 21 29 *
60 176 3 0 21 30 *
9 176 3 0 21 31 *
73 176 3 0 21 32 *
74 176 3 0 21 33 *
82 175 3 0 23 1 *
58 176 3 0 23 2 *
3 176 3 0 23 3 *
197 176 3 0 23 4 *
115 176 3 0 23 5 *
60 176 3 0 23 6 *
5 176 3 0 23 7 *
61 176 3 0 23 8 *
73 176 3 0 23 9 *
62 176 3 0 23 10 *
60 176 3 0 23 11 *
9 176 3 0 23 12 *
63 176 3 0 23 13 *
64 176 3 0 23 14 *
65 176 3 0 23 15 *
16 176 3 0 23 16 *
5 176 3 0 23 17 *
66 176 3 0 23 18 *
29 176 3 0 23 19 *
60 176 3 0 23 20 *
5 176 3 0 23 21 *
67 176 3 0 23 22 *
68 176 3 0 23 23 *
60 176 3 0 23 24 *
9 176 3 0 23 25 *
69 176 3 0 23 26 *
64 176 3 0 23 27 *
70 176 3 0 23 28 *
60 176 3 0 23 29 *
71 176 3 0 23 30 *
72 176 3 0 23 31 *
60 176 3 0 23 32 *
9 176 3 0 23 33 *
73 176 3 0 23 34 *
74 176 3 0 23 35 *
82 175 3 0 22 1 *
58 176 3 0 22 2 *
3 176 3 0 22 3 *
59 176 3 0 22 4 *
115 176 3 0 22 5 *
60 176 3 0 22 6 *
5 176 3 0 22 7 *
61 176 3 0 22 8 *
62 176 3 0 22 9 *
60 176 3 0 22 10 *
9 176 3 0 22 11 *
63 176 3 0 22 12 *
64 176 3 0 22 13 *
65 176 3 0 22 14 *
16 176 3 0 22 15 *
5 176 3 0 22 16 *
66 176 3 0 22 17 *
29 176 3 0 22 18 *
60 176 3 0 22 19 *
5 176 3 0 22 20 *
67 176 3 0 22 21 *
68 176 3 0 22 22 *
60 176 3 0 22 23 *
9 176 3 0 22 24 *
69 176 3 0 22 25 *
64 176 3 0 22 26 *
70 176 3 0 22 27 *
60 176 3 0 22 28 *
71 176 3 0 22 29 *
72 176 3 0 22 30 *
60 176 3 0 22 31 *
9 176 3 0 22 32 *
73 176 3 0 22 33 *
74 176 3 0 22 34 *
198 177 3 0 24 1 *
199 177 3 0 24 2 *
200 177 3 0 24 3 *
17 178 4 0 25 1 *
58 178 4 0 25 2 *
3 178 4 0 25 3 *
169 178 4 0 25 4 *
201 178 4 0 25 5 *
60 178 4 0 25 6 *
5 178 4 0 25 7 *
62 178 4 0 25 8 *
60 178 4 0 25 9 *
9 178 4 0 25 10 *
171 178 4 0 25 11 *
64 178 4 0 25 12 *
65 178 4 0 25 13 *
66 178 4 0 25 14 *
29 178 4 0 25 15 *
60 178 4 0 25 16 *
5 178 4 0 25 17 *
67 178 4 0 25 18 *
68 178 4 0 25 19 *
60 178 4 0 25 20 *
9 178 4 0 25 21 *
69 178 4 0 25 22 *
64 178 4 0 25 23 *
70 178 4 0 25 24 *
60 178 4 0 25 25 *
71 178 4 0 25 26 *
72 179 4 0 25 27 *
60 178 4 0 25 28 *
9 178 4 0 25 29 *
73 178 4 0 25 30 *
74 178 4 0 25 31 *
17 86 5 0 19 1 *
2 86 5 0 19 2 *
3 86 5 0 19 3 *
4 86 5 0 19 4 *
5 86 5 0 19 5 *
6 86 5 0 19 6 *
7 86 5 0 19 7 *
8 86 5 0 19 8 *
9 86 5 0 19 9 *
56 86 5 0 19 10 *
11 86 5 0 19 11 *
12 86 5 0 19 12 *
12 86 5 0 19 13 *
5 86 5 0 19 14 *
9 86 5 0 19 15 *
17 86 5 0 19 16 *
14 86 5 0 19 17 *
15 86 5 0 19 18 *
16 86 5 0 19 19 *
3 86 5 0 19 20 *
57 86 5 0 21 1 *
58 86 5 0 21 2 *
3 86 5 0 21 3 *
59 86 5 0 21 4 *
60 86 5 0 21 5 *
5 86 5 0 21 6 *
61 86 5 0 21 7 *
62 86 5 0 21 8 *
60 86 5 0 21 9 *
9 86 5 0 21 10 *
63 86 5 0 21 11 *
64 86 5 0 21 12 *
65 86 5 0 21 13 *
16 86 5 0 21 14 *
5 86 5 0 21 15 *
66 86 5 0 21 16 *
29 86 5 0 21 17 *
60 86 5 0 21 18 *
5 86 5 0 21 19 *
67 86 5 0 21 20 *
68 86 5 0 21 21 *
60 86 5 0 21 22 *
9 86 5 0 21 23 *
69 86 5 0 21 24 *
64 86 5 0 21 25 *
70 86 5 0 21 26 *
60 86 5 0 21 27 *
71 86 5 0 21 28 *
72 86 5 0 21 29 *
60 86 5 0 21 30 *
9 86 5 0 21 31 *
73 86 5 0 21 32 *
74 86 5 0 21 33 *
57 86 5 0 23 1 *
58 86 5 0 23 2 *
3 86 5 0 23 3 *
197 86 5 0 23 4 *
115 86 5 0 23 5 *
60 86 5 0 23 6 *
5 86 5 0 23 7 *
61 86 5 0 23 8 *
73 86 5 0 23 9 *
62 86 5 0 23 10 *
60 86 5 0 23 11 *
9 86 5 0 23 12 *
63 86 5 0 23 13 *
64 86 5 0 23 14 *
65 86 5 0 23 15 *
16 86 5 0 23 16 *
5 86 5 0 23 17 *
66 86 5 0 23 18 *
29 86 5 0 23 19 *
60 86 5 0 23 20 *
5 86 5 0 23 21 *
67 86 5 0 23 22 *
68 86 5 0 23 23 *
60 86 5 0 23 24 *
9 86 5 0 23 25 *
69 86 5 0 23 26 *
64 86 5 0 23 27 *
70 86 5 0 23 28 *
60 86 5 0 23 29 *
71 86 5 0 23 30 *
72 86 5 0 23 31 *
60 86 5 0 23 32 *
9 86 5 0 23 33 *
73 86 5 0 23 34 *
74 86 5 0 23 35 *
57 86 5 0 22 1 *
58 86 5 0 22 2 *
3 86 5 0 22 3 *
59 86 5 0 22 4 *
115 86 5 0 22 5 *
60 86 5 0 22 6 *
5 86 5 0 22 7 *
61 86 5 0 22 8 *
62 86 5 0 22 9 *
60 86 5 0 22 10 *
9 86 5 0 22 11 *
63 86 5 0 22 12 *
64 86 5 0 22 13 *
65 86 5 0 22 14 *
16 86 5 0 22 15 *
5 86 5 0 22 16 *
66 86 5 0 22 17 *
29 86 5 0 22 18 *
60 86 5 0 22 19 *
5 86 5 0 22 20 *
67 86 5 0 22 21 *
68 86 5 0 22 22 *
60 86 5 0 22 23 *
9 86 5 0 22 24 *
69 86 5 0 22 25 *
64 86 5 0 22 26 *
70 86 5 0 22 27 *
60 86 5 0 22 28 *
71 86 5 0 22 29 *
72 86 5 0 22 30 *
60 86 5 0 22 31 *
9 86 5 0 22 32 *
73 86 5 0 22 33 *
74 86 5 0 22 34 *
168 86 5 0 25 1 *
58 86 5 0 25 2 *
3 86 5 0 25 3 *
169 86 5 0 25 4 *
170 86 5 0 25 5 *
60 86 5 0 25 6 *
5 86 5 0 25 7 *
62 86 5 0 25 8 *
60 86 5 0 25 9 *
9 86 5 0 25 10 *
171 86 5 0 25 11 *
64 86 5 0 25 12 *
65 86 5 0 25 13 *
66 86 5 0 25 14 *
29 86 5 0 25 15 *
60 86 5 0 25 16 *
5 86 5 0 25 17 *
67 86 5 0 25 18 *
68 86 5 0 25 19 *
60 86 5 0 25 20 *
9 86 5 0 25 21 *
69 86 5 0 25 22 *
64 86 5 0 25 23 *
70 86 5 0 25 24 *
60 86 5 0 25 25 *
71 86 5 0 25 26 *
72 86 5 0 25 27 *
60 86 5 0 25 28 *
9 86 5 0 25 29 *
73 86 5 0 25 30 *
74 86 5 0 25 31 *
17 86 5 0 26 1 *
172 86 5 0 26 2 *
17 86 5 0 27 1 *
179 86 5 0 27 2 *
5 86 5 0 27 3 *
180 86 5 0 27 4 *
4 86 5 0 27 5 *
181 86 5 0 27 6 *
9 86 5 0 27 7 *
182 86 5 0 27 8 *
8 86 5 0 27 9 *
183 86 5 0 27 10 *
184 86 5 0 27 11 *
185 86 5 0 27 12 *
5 86 5 0 27 13 *
12 86 5 0 27 14 *
17 180 5 0 28 1 *
202 180 5 0 28 2 *
5 180 5 0 28 3 *
60 180 5 0 28 4 *
60 180 5 0 28 5 *
71 180 5 0 28 6 *
17 86 5 0 29 1 *
173 86 5 0 29 2 *
73 86 5 0 29 3 *
174 86 5 0 29 4 *
166 86 5 0 29 5 *
175 86 5 0 30 1 *
176 86 5 0 30 2 *
177 86 5 0 30 3 *
178 86 5 0 30 4 *
17 6 6 0 0 0 *
203 49 6 1 0 0 *
204 181 6 2 0 0 *
205 182 6 3 0 0 *
206 183 6 4 0 0 *
205 184 6 5 0 0 *
205 185 6 6 0 0 *
132 103 6 7 0 0 *
77 6 6 8 0 0 *
76 6 6 9 0 0 *
207 91 6 10 0 0 *
17 55 7 0 0 0 *
85 54 7 1 0 0 *
16 55 7 2 0 0 *
208 55 7 3 0 0 *
209 186 8 0 0 0 *
209 186 8 1 0 0 *
209 186 8 2 0 0 *
209 186 8 3 0 0 *
209 186 8 4 0 0 *
209 186 8 5 0 0 *
209 186 8 6 0 0 *
209 186 8 7 0 0 *
209 186 8 8 0 0 *
17 86 9 0 0 0 *
138 187 9 1 0 0 *
210 125 9 2 0 0 *
42 86 9 3 0 0 *
52 86 9 4 0 0 *
39 188 10 0 0 0 *
16 55 11 0 0 0 *
211 75 12 0 0 0 *
17 189 13 0 0 0 *
212 66 13 1 0 0 *
213 189 13 2 0 0 *
214 189 13 3 0 0 *
215 189 13 4 0 0 *
17 86 14 0 0 0 *
85 86 14 1 0 0 *
85 7 14 2 0 0 *
123 45 14 3 0 0 *
27 86 14 4 0 0 *
82 86 14 5 21 1 *
58 86 14 5 21 2 *
3 86 14 5 21 3 *
59 86 14 5 21 4 *
60 86 14 5 21 5 *
5 86 14 5 21 6 *
61 86 14 5 21 7 *
62 86 14 5 21 8 *
60 86 14 5 21 9 *
9 86 14 5 21 10 *
63 86 14 5 21 11 *
64 86 14 5 21 12 *
65 86 14 5 21 13 *
16 86 14 5 21 14 *
5 86 14 5 21 15 *
66 86 14 5 21 16 *
29 86 14 5 21 17 *
60 86 14 5 21 18 *
5 86 14 5 21 19 *
67 86 14 5 21 20 *
68 86 14 5 21 21 *
60 86 14 5 21 22 *
9 86 14 5 21 23 *
69 86 14 5 21 24 *
64 86 14 5 21 25 *
70 86 14 5 21 26 *
60 86 14 5 21 27 *
71 86 14 5 21 28 *
72 86 14 5 21 29 *
60 86 14 5 21 30 *
9 86 14 5 21 31 *
73 86 14 5 21 32 *
74 86 14 5 21 33 *
82 86 14 5 22 1 *
58 86 14 5 22 2 *
3 86 14 5 22 3 *
59 86 14 5 22 4 *
115 86 14 5 22 5 *
60 86 14 5 22 6 *
5 86 14 5 22 7 *
61 86 14 5 22 8 *
62 86 14 5 22 9 *
60 86 14 5 22 10 *
9 86 14 5 22 11 *
63 86 14 5 22 12 *
64 86 14 5 22 13 *
65 86 14 5 22 14 *
16 86 14 5 22 15 *
5 86 14 5 22 16 *
66 86 14 5 22 17 *
29 86 14 5 22 18 *
60 86 14 5 22 19 *
5 86 14 5 22 20 *
67 86 14 5 22 21 *
68 86 14 5 22 22 *
60 86 14 5 22 23 *
9 86 14 5 22 24 *
69 86 14 5 22 25 *
64 86 14 5 22 26 *
70 86 14 5 22 27 *
60 86 14 5 22 28 *
71 86 14 5 22 29 *
72 86 14 5 22 30 *
60 86 14 5 22 31 *
9 86 14 5 22 32 *
73 86 14 5 22 33 *
74 86 14 5 22 34 *
113 86 14 5 18 1 *
2 86 14 5 18 2 *
3 86 14 5 18 3 *
4 86 14 5 18 4 *
5 86 14 5 18 5 *
6 86 14 5 18 6 *
7 86 14 5 18 7 *
8 86 14 5 18 8 *
9 86 14 5 18 9 *
56 86 14 5 18 10 *
11 86 14 5 18 11 *
12 86 14 5 18 12 *
12 86 14 5 18 13 *
5 86 14 5 18 14 *
9 86 14 5 18 15 *
17 86 14 5 18 16 *
14 86 14 5 18 17 *
15 86 14 5 18 18 *
16 86 14 5 18 19 *
3 86 14 5 18 20 *
82 190 14 6 21 1 *
58 190 14 6 21 2 *
3 190 14 6 21 3 *
59 190 14 6 21 4 *
60 190 14 6 21 5 *
5 190 14 6 21 6 *
61 190 14 6 21 7 *
62 190 14 6 21 8 *
60 190 14 6 21 9 *
9 190 14 6 21 10 *
63 190 14 6 21 11 *
64 190 14 6 21 12 *
65 190 14 6 21 13 *
16 190 14 6 21 14 *
5 190 14 6 21 15 *
66 190 14 6 21 16 *
29 190 14 6 21 17 *
60 190 14 6 21 18 *
5 190 14 6 21 19 *
67 190 14 6 21 20 *
68 190 14 6 21 21 *
60 190 14 6 21 22 *
9 190 14 6 21 23 *
69 190 14 6 21 24 *
64 190 14 6 21 25 *
70 190 14 6 21 26 *
60 190 14 6 21 27 *
71 190 14 6 21 28 *
72 190 14 6 21 29 *
60 190 14 6 21 30 *
9 190 14 6 21 31 *
73 190 14 6 21 32 *
74 190 14 6 21 33 *
82 190 14 6 22 1 *
58 190 14 6 22 2 *
3 190 14 6 22 3 *
59 190 14 6 22 4 *
115 190 14 6 22 5 *
60 190 14 6 22 6 *
5 190 14 6 22 7 *
61 190 14 6 22 8 *
62 190 14 6 22 9 *
60 190 14 6 22 10 *
9 190 14 6 22 11 *
63 190 14 6 22 12 *
64 190 14 6 22 13 *
65 190 14 6 22 14 *
16 190 14 6 22 15 *
5 190 14 6 22 16 *
66 190 14 6 22 17 *
29 190 14 6 22 18 *
60 190 14 6 22 19 *
5 190 14 6 22 20 *
67 190 14 6 22 21 *
68 190 14 6 22 22 *
60 190 14 6 22 23 *
9 190 14 6 22 24 *
69 190 14 6 22 25 *
64 190 14 6 22 26 *
70 190 14 6 22 27 *
60 190 14 6 22 28 *
71 190 14 6 22 29 *
72 190 14 6 22 30 *
60 190 14 6 22 31 *
9 190 14 6 22 32 *
73 190 14 6 22 33 *
74 190 14 6 22 34 *
113 190 14 6 18 1 *
2 190 14 6 18 2 *
3 190 14 6 18 3 *
4 190 14 6 18 4 *
5 190 14 6 18 5 *
6 190 14 6 18 6 *
7 190 14 6 18 7 *
8 190 14 6 18 8 *
9 190 14 6 18 9 *
56 190 14 6 18 10 *
11 190 14 6 18 11 *
12 190 14 6 18 12 *
12 190 14 6 18 13 *
5 190 14 6 18 14 *
9 190 14 6 18 15 *
17 190 14 6 18 16 *
14 190 14 6 18 17 *
15 190 14 6 18 18 *
16 190 14 6 18 19 *
3 190 14 6 18 20 *
17 86 14 7 1 1 *
18 86 14 7 1 2 *
80 86 14 7 1 3 *
20 86 14 7 1 4 *
3 86 14 7 1 5 *
5 86 14 7 1 6 *
81 86 14 7 1 7 *
106 86 14 7 1 8 *
8 86 14 7 1 9 *
9 86 14 7 1 10 *
24 86 14 7 1 11 *
11 86 14 7 1 12 *
25 86 14 7 1 13 *
5 86 14 7 1 14 *
3 86 14 7 1 15 *
17 86 14 7 2 1 *
18 86 14 7 2 2 *
107 86 14 7 2 3 *
20 86 14 7 2 4 *
21 86 14 7 2 5 *
5 86 14 7 2 6 *
22 86 14 7 2 7 *
106 86 14 7 2 8 *
8 86 14 7 2 9 *
9 86 14 7 2 10 *
24 86 14 7 2 11 *
11 86 14 7 2 12 *
25 86 14 7 2 13 *
5 86 14 7 2 14 *
17 86 14 7 3 1 *
18 86 14 7 3 2 *
107 86 14 7 3 3 *
20 86 14 7 3 4 *
21 86 14 7 3 5 *
5 86 14 7 3 6 *
22 86 14 7 3 7 *
106 86 14 7 3 8 *
8 86 14 7 3 9 *
9 86 14 7 3 10 *
24 86 14 7 3 11 *
11 86 14 7 3 12 *
25 86 14 7 3 13 *
5 86 14 7 3 14 *
17 86 14 7 5 1 *
18 86 14 7 5 2 *
107 86 14 7 5 3 *
20 86 14 7 5 4 *
21 86 14 7 5 5 *
5 86 14 7 5 6 *
22 86 14 7 5 7 *
106 86 14 7 5 8 *
8 86 14 7 5 9 *
9 86 14 7 5 10 *
24 86 14 7 5 11 *
11 86 14 7 5 12 *
25 86 14 7 5 13 *
5 86 14 7 5 14 *
17 86 14 7 9 1 *
18 86 14 7 9 2 *
14 86 14 7 9 3 *
20 86 14 7 9 4 *
21 86 14 7 9 5 *
5 86 14 7 9 6 *
22 86 14 7 9 7 *
106 86 14 7 9 8 *
8 86 14 7 9 9 *
9 86 14 7 9 10 *
24 86 14 7 9 11 *
11 86 14 7 9 12 *
25 86 14 7 9 13 *
5 86 14 7 9 14 *
17 86 14 7 10 1 *
18 86 14 7 10 2 *
107 86 14 7 10 3 *
20 86 14 7 10 4 *
21 86 14 7 10 5 *
5 86 14 7 10 6 *
22 86 14 7 10 7 *
106 86 14 7 10 8 *
8 86 14 7 10 9 *
9 86 14 7 10 10 *
24 86 14 7 10 11 *
11 86 14 7 10 12 *
25 86 14 7 10 13 *
5 86 14 7 10 14 *
17 86 14 7 11 1 *
18 86 14 7 11 2 *
108 86 14 7 11 3 *
20 86 14 7 11 4 *
84 86 14 7 11 5 *
5 86 14 7 11 6 *
22 86 14 7 11 7 *
106 86 14 7 11 8 *
8 86 14 7 11 9 *
9 86 14 7 11 10 *
24 86 14 7 11 11 *
11 86 14 7 11 12 *
25 86 14 7 11 13 *
5 86 14 7 11 14 *
17 86 14 7 12 1 *
18 86 14 7 12 2 *
107 86 14 7 12 3 *
20 86 14 7 12 4 *
21 86 14 7 12 5 *
5 86 14 7 12 6 *
22 86 14 7 12 7 *
106 86 14 7 12 8 *
8 86 14 7 12 9 *
9 86 14 7 12 10 *
24 86 14 7 12 11 *
11 86 14 7 12 12 *
25 86 14 7 12 13 *
5 86 14 7 12 14 *
17 86 14 7 14 1 *
18 86 14 7 14 2 *
80 86 14 7 14 3 *
20 86 14 7 14 4 *
3 86 14 7 14 5 *
5 86 14 7 14 6 *
22 86 14 7 14 7 *
106 86 14 7 14 8 *
8 86 14 7 14 9 *
9 86 14 7 14 10 *
24 86 14 7 14 11 *
11 86 14 7 14 12 *
25 86 14 7 14 13 *
5 86 14 7 14 14 *
17 86 14 7 15 1 *
18 86 14 7 15 2 *
80 86 14 7 15 3 *
20 86 14 7 15 4 *
3 86 14 7 15 5 *
5 86 14 7 15 6 *
22 86 14 7 15 7 *
106 86 14 7 15 8 *
8 86 14 7 15 9 *
9 86 14 7 15 10 *
24 86 14 7 15 11 *
11 86 14 7 15 12 *
25 86 14 7 15 13 *
5 86 14 7 15 14 *
17 86 14 7 16 1 *
18 86 14 7 16 2 *
28 86 14 7 16 3 *
20 86 14 7 16 4 *
3 86 14 7 16 5 *
5 86 14 7 16 6 *
109 86 14 7 16 7 *
106 86 14 7 16 8 *
8 86 14 7 16 9 *
9 86 14 7 16 10 *
24 86 14 7 16 11 *
11 86 14 7 16 12 *
25 86 14 7 16 13 *
5 86 14 7 16 14 *
31 86 14 7 16 15 *
14 86 14 7 16 16 *
3 86 14 7 16 17 *
17 86 14 7 31 1 *
111 86 14 7 31 2 *
14 86 14 7 31 3 *
20 86 14 7 31 4 *
106 86 14 7 31 5 *
9 86 14 7 31 6 *
24 86 14 7 31 7 *
11 86 14 7 31 8 *
17 86 14 7 32 1 *
18 86 14 7 32 2 *
112 86 14 7 32 3 *
5 86 14 7 32 4 *
106 86 14 7 32 5 *
8 86 14 7 32 6 *
9 86 14 7 32 7 *
24 86 14 7 32 8 *
11 86 14 7 32 9 *
17 86 14 7 33 1 *
18 86 14 7 33 2 *
112 86 14 7 33 3 *
5 86 14 7 33 4 *
106 86 14 7 33 5 *
8 86 14 7 33 6 *
9 86 14 7 33 7 *
24 86 14 7 33 8 *
11 86 14 7 33 9 *
216 191 15 0 0 0 *
216 191 15 1 0 0 *
216 191 15 2 0 0 *
216 191 15 3 0 0 *
